1.000000000000000000e+00 0.000000000000000000e+00 0.000000000000000000e+00 0.000000000000000000e+00 0.000000000000000000e+00 1.000000000000000000e+00 -0.000000000000000000e+00 0.000000000000000000e+00 -0.000000000000000000e+00 0.000000000000000000e+00 1.000000000000000000e+00 0.000000000000000000e+00
9.999972800038080534e-01 -1.999757200339919577e-03 -1.200398319442352434e-03 8.278999999999999693e-01 2.000237199667920414e-03 9.999979200029119886e-01 3.987994416807816582e-04 4.390000000000000152e-02 1.199598320562351040e-03 -4.011994383207863834e-04 9.999992000011199700e-01 2.089999999999999844e-02
9.999895800568928683e-01 -3.998878166125214260e-03 -2.201987977145645516e-03 1.655799999999999939e+00 4.001078154113280223e-03 9.999915000464096870e-01 9.955945640536805353e-04 8.770000000000000018e-02 2.197987998985526450e-03 -1.004394516005943086e-03 9.999970800159431183e-01 4.179999999999999688e-02
9.999762202943927036e-01 -5.997545750383611977e-03 -3.404157856525736291e-03 2.483699999999999797e+00 6.002305691455540708e-03 9.999810202349694865e-01 1.389782794489004313e-03 1.315999999999999948e-01 3.395757960516448612e-03 -1.410182541940130851e-03 9.999932400836877289e-01 6.270000000000000573e-02
9.999574209490870169e-01 -7.995221786506381129e-03 -4.607897289969407548e-03 3.311500000000000110e+00 8.004421581442950490e-03 9.999660007578431431e-01 1.981555831120524695e-03 1.754000000000000004e-01 4.591897646601457439e-03 -2.018355010866808210e-03 9.999874202804019951e-01 8.359999999999999376e-02
9.999343222514331941e-01 -9.992937442104485313e-03 -5.611807627234538520e-03 4.139400000000000190e+00 1.000637698139707904e-02 9.999471218126642080e-01 2.371918690627285598e-03 2.192999999999999949e-01 5.587808449926337170e-03 -2.427916771013090193e-03 9.999814406362149688e-01 1.044999999999999957e-01
9.999048847376912352e-01 -1.198920281780764541e-02 -6.817660412334860393e-03 4.967299999999999827e+00 1.200960180173425706e-02 9.999235038102752826e-01 2.959052609589516662e-03 2.631000000000000005e-01 6.781662205405547539e-03 -3.040648545295958956e-03 9.999723813756836721e-01 1.254000000000000115e-01
9.998727884595675075e-01 -1.378548326536285437e-02 -8.022926475389387246e-03 5.795099999999999696e+00 1.381268145668313255e-02 9.998990067160534734e-01 3.344577585590558302e-03 3.069999999999999951e-01 7.976009595361908261e-03 -3.454970244478741855e-03 9.999622225122030139e-01 1.463000000000000134e-01
9.998346942609260823e-01 -1.578153852667131193e-02 -9.029241047374845716e-03 6.623000000000000220e+00 1.581573557649182046e-02 9.998679713901081900e-01 3.728578335546993156e-03 3.508000000000000007e-01 8.969206226578834221e-03 -3.870766069011227165e-03 9.999522841164493192e-01 1.671999999999999875e-01
9.997895410734287669e-01 -1.777737871966825547e-02 -1.023906079873762934e-02 7.450800000000000090e+00 1.782226275608965113e-02 9.998318848814073956e-01 4.309167523435381876e-03 3.946999999999999953e-01 1.016073375478656823e-02 -4.490743852594662570e-03 9.999382944508199422e-01 1.880999999999999894e-01
9.997389833654098945e-01 -1.977192006446570893e-02 -1.144710952428998167e-02 8.278700000000000614e+00 1.982664355199356687e-02 9.997924467726327924e-01 4.686958699877942676e-03 4.385000000000000009e-01 1.135206346700475162e-02 -4.912693085930365348e-03 9.999234951243443081e-01 2.089000000000000024e-01
9.996854886838828502e-01 -2.176636315374627303e-02 -1.245588816285610016e-02 9.106500000000000483e+00 2.183084547382014781e-02 9.997488509636577314e-01 5.064502220789903961e-03 4.823999999999999955e-01 1.234252408401654254e-02 -5.334831947253461382e-03 9.999095967472909630e-01 2.298000000000000043e-01
9.996242985986337759e-01 -2.375826861834194614e-02 -1.366771098056195587e-02 9.934300000000000352e+00 2.383714891256544233e-02 9.996999588808466175e-01 5.637601028251833929e-03 5.262000000000000011e-01 1.352967046567083408e-02 -5.961282235582737385e-03 9.998906995923094732e-01 2.506999999999999784e-01
9.995576736192293144e-01 -2.575074713449572450e-02 -1.487804190508974084e-02 1.076210000000000022e+01 2.584250430929230929e-02 9.996479708389778285e-01 6.008275005212588595e-03 5.701000000000000512e-01 1.471808683010649918e-02 -6.390103248720971178e-03 9.998712639637825639e-01 2.716000000000000081e-01
9.994856150347599666e-01 -2.774253045625062197e-02 -1.608904417520122532e-02 1.158999999999999986e+01 2.784812326432446750e-02 9.995918278006085123e-01 6.376505696197033377e-03 6.139000000000000012e-01 1.590557667117292739e-02 -6.821275402932307219e-03 9.998502302008210885e-01 2.924999999999999822e-01
9.994371499529416392e-01 -2.955175728154126394e-02 -1.587693092238064152e-02 1.241499999999999915e+01 2.963706971006323590e-02 9.995473801700098804e-01 5.165161591908718798e-03 6.566999999999999504e-01 1.571710510692176516e-02 -5.632800088992103056e-03 9.998606123706520465e-01 3.120999999999999885e-01
9.993287265034525024e-01 -3.172606313055022220e-02 -1.831811407389229152e-02 1.324559999999999960e+01 3.186439003306265616e-02 9.994654733271189917e-01 7.309464742290642039e-03 7.015000000000000124e-01 1.807642201345847910e-02 -7.888253623855832897e-03 9.998054902939655930e-01 3.341999999999999971e-01
9.992325610744144937e-01 -3.310595365166488918e-02 -2.093525069064903002e-02 1.408370000000000033e+01 3.328067340705722493e-02 9.994136008209588695e-01 8.053028725759784137e-03 7.478000000000000203e-01 2.065637108108048584e-02 -8.743587758977136928e-03 9.997484003522395524e-01 3.562000000000000166e-01
9.991135713575057808e-01 -3.525100229431531174e-02 -2.300952773301749577e-02 1.501660000000000039e+01 3.552913990423771373e-02 9.992990564259577324e-01 1.179305065942191921e-02 8.052000000000000268e-01 2.257768249655903170e-02 -1.260010569149183635e-02 9.996656869122035882e-01 3.820999999999999952e-01
9.990747544703031391e-01 -3.644096860313766895e-02 -2.284055138056961462e-02 1.587550000000000061e+01 3.674383660025531961e-02 9.992403697797823670e-01 1.298360020400285419e-02 8.548000000000000043e-01 2.235006604010474421e-02 -1.381083667374211760e-02 9.996548080904598121e-01 4.057000000000000051e-01
9.990498027584662211e-01 -3.805303333107946939e-02 -2.124754721311294947e-02 1.674269999999999925e+01 3.833025586649937977e-02 9.991831936018078508e-01 1.279598018522925575e-02 9.052999999999999936e-01 2.074326622011102988e-02 -1.359824540136867453e-02 9.996923549915373020e-01 4.305999999999999828e-01
9.990197363612846049e-01 -3.966065476970766224e-02 -1.966211646460088586e-02 1.770289999999999964e+01 3.992063164740655701e-02 9.991181427498273537e-01 1.301076465884165416e-02 9.576999999999999957e-01 1.912876183921860540e-02 -1.378293478812644794e-02 9.997220219536653296e-01 4.566999999999999948e-01
9.989789505301532868e-01 -4.086808005847883396e-02 -1.925763303232041340e-02 1.858170000000000144e+01 4.111129184208975329e-02 9.990775353065856068e-01 1.240726113180183783e-02 1.009300000000000086e+00 1.873280760452843835e-02 -1.318629887618055253e-02 9.997375672851349648e-01 4.788000000000000034e-01
9.988919959447051244e-01 -4.265991613529305365e-02 -1.987239273295740224e-02 1.955199999999999960e+01 4.291471706786446211e-02 9.989995763384493799e-01 1.257670603074407221e-02 1.063499999999999890e+00 1.931599069652594966e-02 -1.341558910105610826e-02 9.997234189877135524e-01 5.031999999999999806e-01
9.988244839217521598e-01 -4.366741136817865049e-02 -2.104299177511737007e-02 2.043700000000000117e+01 4.390452654288484052e-02 9.989758208420458363e-01 1.094083735395984421e-02 1.113599999999999923e+00 2.054368193607259557e-02 -1.185185881467311873e-02 9.997187057243384078e-01 5.256999999999999451e-01
9.988211233299693070e-01 -4.448013973803458670e-02 -1.943915529911663040e-02 2.132880000000000109e+01 4.469133555846930422e-02 9.989449408796199359e-01 1.056833085273242538e-02 1.162900000000000045e+00 1.894856500789849144e-02 -1.142463390649499193e-02 9.997551848448918976e-01 5.480000000000000426e-01
9.988898956705931642e-01 -4.448951350910268498e-02 -1.548094037566746621e-02 2.231810000000000116e+01 4.468407426788964520e-02 9.989234958016336430e-01 1.245724858326947675e-02 1.221799999999999997e+00 1.491005814922678231e-02 -1.313517122716778736e-02 9.998025592299809583e-01 5.755000000000000115e-01
9.989734571213039205e-01 -4.371096580704176421e-02 -1.189047666521030749e-02 2.322180000000000177e+01 4.386641230004178355e-02 9.989509561814396976e-01 1.314248896176393663e-02 1.273400000000000087e+00 1.130353214853784677e-02 -1.365059018515203670e-02 9.998429334393297285e-01 6.012999999999999456e-01
9.990605337757899607e-01 -4.233536553984924844e-02 -9.261029977331318788e-03 2.413070000000000093e+01 4.244697578343741007e-02 9.990241504365270364e-01 1.220660032177753145e-02 1.322000000000000064e+00 8.735221718649337566e-03 -1.258823534824026098e-02 9.998826092258747966e-01 6.223999999999999533e-01
9.991291433199892547e-01 -4.094124316220967841e-02 -8.047954833204078173e-03 2.513400000000000034e+01 4.103639624362913352e-02 9.990851465189966030e-01 1.203678480537680347e-02 1.375499999999999945e+00 7.547791200101840355e-03 -1.235656155440937980e-02 9.998951676223621909e-01 6.414999999999999591e-01
9.991560121162518238e-01 -3.972532696106016031e-02 -1.044805483261408707e-02 2.604729999999999990e+01 3.985383902544018669e-02 9.991286538056274313e-01 1.239373468688308687e-02 1.423599999999999977e+00 9.946605797092031992e-03 -1.279966962040094379e-02 9.998686081134490200e-01 6.576999999999999513e-01
9.991225346284298148e-01 -3.868151013756278983e-02 -1.605931415533108642e-02 2.705770000000000053e+01 3.889637186357299686e-02 9.991548718781467775e-01 1.328962971699256500e-02 1.477000000000000091e+00 1.553167903069843647e-02 -1.390261758237461460e-02 9.997827184797932754e-01 6.772000000000000242e-01
9.991088783206844015e-01 -3.746438725500415845e-02 -1.943885151933996691e-02 2.798270000000000124e+01 3.771396531958806642e-02 9.992086895482755748e-01 1.263532948089192594e-02 1.523300000000000098e+00 1.895009447619648568e-02 -1.335718603691921601e-02 9.997312036245133982e-01 6.965999999999999970e-01
9.991609200157244297e-01 -3.669548999208228218e-02 -1.819057249159787559e-02 2.891730000000000089e+01 3.688628089326419918e-02 9.992667349694093204e-01 1.026619040537956815e-02 1.567600000000000104e+00 1.780051109362594530e-02 -1.092855881703001797e-02 9.997818304045079651e-01 7.191999999999999504e-01
9.992261642174050662e-01 -3.713731760161907008e-02 -1.295732938255486633e-02 2.995380000000000109e+01 3.724739700168634010e-02 9.992711039724834210e-01 8.360154437158318075e-03 1.617099999999999982e+00 1.263741112610936371e-02 -8.836311842100461750e-03 9.998811006480015084e-01 7.429999999999999938e-01
9.992392706354215060e-01 -3.796910739971208482e-02 -8.900949570689214649e-03 3.089849999999999852e+01 3.801662798469047921e-02 9.992634109325886360e-01 5.231784403266003664e-03 1.661999999999999922e+00 8.695747044646118598e-03 -5.566188519780678259e-03 9.999466993438689277e-01 7.640000000000000124e-01
9.991990014017475552e-01 -3.900203174644444049e-02 -8.955284328252422626e-03 3.184319999999999951e+01 3.898223178109437581e-02 9.992370813351076908e-01 -2.375055843652273523e-03 1.698800000000000088e+00 9.041084178102686691e-03 2.024056457901198935e-03 9.999570800751098609e-01 7.806999999999999496e-01
9.990832397819338073e-01 -4.082297793360895738e-02 -1.289047941183755520e-02 3.288250000000000028e+01 4.075538234151752232e-02 9.991542151536297878e-01 -5.463803705360373991e-03 1.747200000000000086e+00 1.310262557778607388e-02 4.933438290489077296e-03 9.999019863914674344e-01 7.966999999999999638e-01
9.989581227239624495e-01 -4.222875210654374045e-02 -1.730322338007810046e-02 3.383180000000000121e+01 4.215218642766734025e-02 9.990998332346310296e-01 -4.766173507089021232e-03 1.798799999999999955e+00 1.748891715298523525e-02 4.031839041501708056e-03 9.998389280532936629e-01 8.155999999999999917e-01
9.988552521711802079e-01 -4.402171016777416818e-02 -1.871561497660007706e-02 3.480579999999999785e+01 4.395402852243337349e-02 9.990254963098151864e-01 -4.012617546732559839e-03 1.854200000000000070e+00 1.887401882739769138e-02 3.185397437011692860e-03 9.998167955462996526e-01 8.474000000000000421e-01
9.988439788448129075e-01 -4.521842749722318477e-02 -1.630949846382188581e-02 3.592560000000000286e+01 4.515610635674631446e-02 9.989712411737134978e-01 -4.169576303246348530e-03 1.920299999999999896e+00 1.648126160708740864e-02 3.428282737574097228e-03 9.998582974068426221e-01 9.082000000000000073e-01
9.988402768403285004e-01 -4.619114243711446022e-02 -1.358233123915484307e-02 3.693110000000000070e+01 4.618298227415600088e-02 9.989325786835963061e-01 -9.139982525451030614e-04 1.984099999999999975e+00 1.361005179273429809e-02 2.856657047441236779e-04 9.999073381495428015e-01 9.550999999999999490e-01
9.987902460608671928e-01 -4.758796158431246454e-02 -1.238669794264330576e-02 3.803699999999999903e+01 4.758300160916193594e-02 9.988670456761011840e-01 -6.949965180674444378e-04 2.052200000000000024e+00 1.240573784725338205e-02 1.047594751550295303e-04 9.999230403855676741e-01 1.005300000000000082e+00
9.987670205044489879e-01 -4.858257207182645199e-02 -1.020649026606687722e-02 3.903220000000000312e+01 4.858665200397717376e-02 9.988189596407012205e-01 1.520174719494414464e-04 2.112600000000000033e+00 1.018705058934869963e-02 -6.477292282629340450e-04 9.999479008664086122e-01 1.041099999999999914e+00
9.987985409972109929e-01 -4.858601967360366009e-02 -6.393214693631803398e-03 4.003229999999999933e+01 4.858473967466605398e-02 9.988190009802291325e-01 -3.554597049684447580e-04 2.174199999999999910e+00 6.402934685564209451e-03 4.441996313143061642e-05 9.999795000170149661e-01 1.077499999999999902e+00
9.987781844485291716e-01 -4.916985611117921651e-02 -4.946061029318802454e-03 4.111670000000000158e+01 4.919865553490274102e-02 9.987717045781914216e-01 5.880002341153152227e-03 2.251500000000000057e+00 4.650866936152606851e-03 -6.116157615686109404e-03 9.999704805906833860e-01 1.105900000000000105e+00
9.987889392195345994e-01 -4.896980284922877735e-02 -4.755344532682265375e-03 4.210320000000000107e+01 4.899924238202339744e-02 9.987790393766451391e-01 6.285280252602391121e-03 2.318000000000000060e+00 4.441749509435284800e-03 -6.510676675561159060e-03 9.999689404929144043e-01 1.131499999999999950e+00
9.987704893361244451e-01 -4.916546691195948504e-02 -6.345588594256140920e-03 4.307800000000000296e+01 4.920266602438866377e-02 9.987717093070158647e-01 5.845540525403063702e-03 2.379999999999999893e+00 6.050395637560087268e-03 -6.150573247322319199e-03 9.999627808880480195e-01 1.151499999999999968e+00
9.987572296983844300e-01 -4.894378273812829278e-02 -9.407563791523973831e-03 4.414540000000000219e+01 4.902289957424601358e-02 9.987625694848463187e-01 8.371685216308199021e-03 2.454099999999999948e+00 8.986180642636098712e-03 -8.822467189537089652e-03 9.999207031710801719e-01 1.178299999999999903e+00
9.987158768290892441e-01 -4.974260390000866117e-02 -9.605765287062873956e-03 4.511039999999999850e+01 4.982155917611448548e-02 9.987247762966341424e-01 8.162931611801666626e-03 2.514699999999999935e+00 9.187470313651134243e-03 -8.631023605857660735e-03 9.999205447538073166e-01 1.206900000000000084e+00
9.986589684894492391e-01 -5.115554151669129274e-02 -7.960855966752286919e-03 4.607480000000000331e+01 5.120545747848998658e-02 9.986689076853683122e-01 6.197898590004068467e-03 2.572700000000000209e+00 7.633202473919857740e-03 -6.597226284393591447e-03 9.999491041174769501e-01 1.232900000000000107e+00
9.986143267259445233e-01 -5.216169691200900349e-02 -6.970210394835774440e-03 4.713069999999999737e+01 5.220658122898261255e-02 9.986156668548380466e-01 6.420497523451805175e-03 2.642599999999999838e+00 6.625657255714853880e-03 -6.775491666788511363e-03 9.999550956811026348e-01 1.263700000000000045e+00
9.985882984280718411e-01 -5.234144596703732555e-02 -9.043410673397950239e-03 4.808140000000000214e+01 5.242417191916957930e-02 9.985828380351966516e-01 9.166339518128329214e-03 2.710999999999999854e+00 8.550815231155882434e-03 -9.627492698099629834e-03 9.999170940349157988e-01 1.289700000000000069e+00
9.984811765493658564e-01 -5.310753998041728430e-02 -1.466046635760055901e-02 4.912049999999999983e+01 5.325154220381161929e-02 9.985348573781979153e-01 9.613108426394102735e-03 2.784600000000000186e+00 1.412845814339373264e-02 -1.037920025485193284e-02 9.998463176271441544e-01 1.315600000000000103e+00
9.984480049663840839e-01 -5.349934880208382509e-02 -1.547259048771043762e-02 5.006530000000000058e+01 5.365742829622944382e-02 9.985094447697766551e-01 9.988448036966277727e-03 2.847700000000000120e+00 1.491515227151272820e-02 -1.080316542987062173e-02 9.998304005427182117e-01 1.338700000000000001e+00
9.984807568619270546e-01 -5.371929814491073485e-02 -1.226438678661075782e-02 5.101209999999999667e+01 5.383929997253857069e-02 9.985027571969921079e-01 9.673347325079758793e-03 2.908900000000000041e+00 1.172637859274596600e-02 -1.031895715771751106e-02 9.998779981419116947e-01 1.369199999999999973e+00
9.984924090132727414e-01 -5.414935133106201642e-02 -8.986483922886272582e-03 5.204789999999999850e+01 5.421095341444447796e-02 9.985066294942094300e-01 6.758948587641234150e-03 2.974899999999999878e+00 8.607071091144303035e-03 -7.235924718973995272e-03 9.999367778618272196e-01 1.396800000000000042e+00
9.984898450605632636e-01 -5.435759752939812312e-02 -7.954929400331585063e-03 5.298409999999999798e+01 5.440283917528920127e-02 9.985034455553493116e-01 5.585723208610328568e-03 3.036000000000000032e+00 7.639397921296377757e-03 -6.010058645933538841e-03 9.999527582813462212e-01 1.420199999999999907e+00
9.984723883514502463e-01 -5.456710491381713130e-02 -8.678753428653420907e-03 5.391490000000000293e+01 5.459290578614462569e-02 9.985048694496361232e-01 2.764113454675901863e-03 3.094300000000000050e+00 8.514947890388173055e-03 -3.233689331036281814e-03 9.999585185975138346e-01 1.440600000000000103e+00
9.984223827250908734e-01 -5.518164423900440152e-02 -1.037939365436051260e-02 5.493589999999999662e+01 5.517540417067565151e-02 9.984762833153023598e-01 -8.868097105663303977e-04 3.153799999999999937e+00 1.041251401702848224e-02 3.127234243214962279e-04 9.999457394058465232e-01 1.462299999999999933e+00
9.983653702243044936e-01 -5.638579742660556476e-02 -9.339667309551442920e-03 5.586229999999999762e+01 5.636699777421113472e-02 9.984075494444107912e-01 -2.264238134236897220e-03 3.212600000000000122e+00 9.452465223918005838e-03 1.734087936714049467e-03 9.999538208538524264e-01 1.482199999999999962e+00
9.983296695024519440e-01 -5.758656382307932031e-02 -4.653886351788901268e-03 5.688250000000000028e+01 5.756256482167776412e-02 9.983286895432280650e-01 -5.136026289946074228e-03 3.275700000000000056e+00 4.941874368607521856e-03 4.859557793800199643e-03 9.999759809994305249e-01 1.501700000000000035e+00
9.983179088312346128e-01 -5.797169851460143991e-02 7.969179147649211063e-04 5.780859999999999843e+01 5.797577829914802444e-02 9.982949700426320128e-01 -6.779521973444581177e-03 3.339700000000000113e+00 -4.025387419290385243e-04 6.814320135753630138e-03 9.999767012304079383e-01 1.514399999999999968e+00
9.982797554284107422e-01 -5.856587023010754317e-02 2.751135398814739084e-03 5.872729999999999961e+01 5.857938932297641205e-02 9.982696161087590836e-01 -5.121396354304624983e-03 3.408700000000000063e+00 -2.446435844154856536e-03 5.273746131634566257e-03 9.999831011339139764e-01 1.526699999999999946e+00
9.981878159973477382e-01 -6.017534586880113334e-02 1.083698074675758135e-04 5.972460000000000235e+01 6.017534586880113334e-02 9.981813354108546310e-01 -3.598525666572825570e-03 3.479299999999999837e+00 1.083698074675758135e-04 3.598525666572825570e-03 9.999935194135068928e-01 1.542200000000000015e+00
9.980673776536030939e-01 -6.158042658456161500e-02 -8.328308671237733343e-03 6.061549999999999727e+01 6.156194598837758103e-02 9.981002387137009046e-01 -2.457699285378945990e-03 3.538400000000000212e+00 8.463833043253975522e-03 1.940242592226025173e-03 9.999622987837587518e-01 1.555900000000000061e+00
9.979426805469115980e-01 -6.257665836894420186e-02 -1.394876948771397486e-02 6.149900000000000233e+01 6.255705894575523673e-02 9.980396976916969809e-01 -1.837445923966457648e-03 3.596400000000000041e+00 1.403640690854468000e-02 9.610717156594081193e-04 9.999010229128957317e-01 1.574300000000000033e+00
9.978623763457941109e-01 -6.393652368265785590e-02 -1.352031112444436120e-02 6.246589999999999776e+01 6.399011976264055990e-02 9.979441503648422973e-01 3.568938967803894982e-03 3.672400000000000109e+00 1.326432984691499825e-02 -4.426476247527256005e-03 9.999022271511062154e-01 1.598400000000000043e+00
9.978423572517000073e-01 -6.472388294262136632e-02 -1.102039251571621144e-02 6.333279999999999887e+01 6.479947603190115701e-02 9.978761741601582802e-01 6.645972425200886644e-03 3.736899999999999888e+00 1.056683398003754361e-02 -7.345748451676546026e-03 9.999171875707123514e-01 1.625699999999999923e+00
9.977681466021224299e-01 -6.612013200028964144e-02 -9.319537028728204844e-03 6.418569999999999709e+01 6.620833727231874299e-02 9.977606261526250631e-01 9.496787622996225378e-03 3.802200000000000024e+00 8.670738250025200947e-03 -1.009262323609082072e-02 9.999114747088433397e-01 1.652400000000000091e+00
9.976785876162972411e-01 -6.731049898146078403e-02 -1.033114411946046626e-02 6.510689999999999600e+01 6.741050037648023407e-02 9.976785876162972411e-01 9.657134717029301763e-03 3.870600000000000041e+00 9.657134717029301763e-03 -1.033114411946046626e-02 9.998999986049805777e-01 1.675599999999999978e+00
9.975772872292671956e-01 -6.890311034833598858e-02 -9.587355663638328848e-03 6.593280000000000030e+01 6.900798570655264363e-02 9.975546282321544611e-01 1.107526980855827632e-02 3.935500000000000220e+00 8.800790477013488780e-03 -1.171004171355376038e-02 9.998927047488878062e-01 1.696499999999999897e+00
9.974722971130296489e-01 -7.050443477113714497e-02 -8.839749411520950173e-03 6.682689999999999486e+01 7.061028494228009655e-02 9.974281928750533543e-01 1.229584150741044532e-02 4.006099999999999994e+00 7.950103925486198125e-03 -1.288893849810027886e-02 9.998853289812618117e-01 1.721400000000000041e+00
9.973645855703054952e-01 -7.210547081954299387e-02 -8.042669212697216297e-03 6.762739999999999441e+01 7.219971491162147093e-02 9.973165834860548973e-01 1.211748614124825464e-02 4.068100000000000271e+00 7.147350337951673821e-03 -1.266622996770520003e-02 9.998942354077013928e-01 1.742499999999999938e+00
9.972684062553497375e-01 -7.350751166779827261e-02 -7.236823427674348927e-03 6.841580000000000439e+01 7.358911148093470744e-02 9.972195263672846144e-01 1.174133311234716939e-02 4.129400000000000404e+00 6.353625450197717545e-03 -1.224181196625059517e-02 9.999048802178243101e-01 1.760999999999999899e+00
9.971770962621093748e-01 -7.491016260944664829e-02 -5.128959747753350333e-03 6.926970000000000027e+01 7.497547853112050686e-02 9.970868618963432128e-01 1.401668479820120106e-02 4.200700000000000323e+00 4.064026242201436954e-03 -1.436166325774618571e-02 9.998886069553817313e-01 1.781600000000000072e+00
9.970965368349599123e-01 -7.614541717868873738e-02 -6.096510582761307823e-04 7.003600000000000136e+01 7.614541717868873738e-02 9.969685261140620591e-01 1.598853904014461633e-02 4.266300000000000203e+00 -6.096510582761307823e-04 -1.598853904014461633e-02 9.998719892791021469e-01 1.798200000000000021e+00
9.969567354902163503e-01 -7.795176322552518910e-02 8.889154754202303063e-04 7.078560000000000230e+01 7.792264337374524286e-02 9.967923963267026899e-01 1.824774711896716764e-02 4.326299999999999812e+00 -2.308508249693009672e-03 -1.812294775419593176e-02 9.998331008495165984e-01 1.818300000000000027e+00
9.968296108553544865e-01 -7.951451346020751987e-02 -2.858158699054745046e-03 7.158400000000000318e+01 7.955771767305030995e-02 9.965983083010424570e-01 2.150305676306497188e-02 4.398600000000000065e+00 1.138631027911531785e-03 -2.166227228817082379e-02 9.997646970556098855e-01 1.839900000000000091e+00
9.966914354829918832e-01 -8.062357215965709756e-02 -1.029670078566531817e-02 7.228780000000000427e+01 8.083413626565716381e-02 9.964847314522632393e-01 2.200050900992568670e-02 4.460499999999999687e+00 8.486745491537084005e-03 -2.276004382085450306e-02 9.997049342462177579e-01 1.859499999999999931e+00
9.964898474657536420e-01 -8.215740790274285443e-02 -1.606686728585634757e-02 7.304349999999999454e+01 8.248266497211946546e-02 9.963763954641197129e-01 2.075303691089778330e-02 4.527400000000000091e+00 1.430363159397262697e-02 -2.200542861728248256e-02 9.996555242855378332e-01 1.877199999999999980e+00
9.964238457633272095e-01 -8.253353222147628843e-02 -1.810347075197497532e-02 7.371370000000000289e+01 8.291540577670560019e-02 9.963253371073715892e-01 2.146760635857072885e-02 4.589500000000000135e+00 1.626514921866184168e-02 -2.289189151050703003e-02 9.996056253462991537e-01 1.897499999999999964e+00
9.964073262830331901e-01 -8.335009423708124310e-02 -1.500672916283645776e-02 7.436730000000000018e+01 8.369171265714646368e-02 9.962076355157070129e-01 2.379168284753913759e-02 4.652800000000000047e+00 1.296677916873277721e-02 -2.496214595891010218e-02 9.996042986637839745e-01 1.923399999999999999e+00
9.963313169916798717e-01 -8.477938951909939902e-02 -1.167740957547585071e-02 7.506270000000000664e+01 8.505074974161479229e-02 9.960598167690497551e-01 2.512392060161489082e-02 4.716899999999999871e+00 9.501407791154388438e-03 -2.602492134043549871e-02 9.996161396852345504e-01 1.957100000000000062e+00
9.961924238985263580e-01 -8.595732294871125112e-02 -1.455998621804846169e-02 7.567050000000000409e+01 8.626467294754228132e-02 9.960295291991199118e-01 2.199052442833509743e-02 4.768099999999999561e+00 1.261192960781055972e-02 -2.316280628228356911e-02 9.996521513189960961e-01 1.981500000000000039e+00
9.961055374861367273e-01 -8.617821305982335811e-02 -1.862991635167558085e-02 7.626149999999999807e+01 8.644821184752880805e-02 9.961550372638827699e-01 1.420733620906042098e-02 4.810999999999999943e+00 1.733392217068945029e-02 -1.576252922624377453e-02 9.997255012324994805e-01 2.003600000000000048e+00
9.960701763817600973e-01 -8.518897198572161766e-02 -2.422896561608334567e-02 7.689209999999999923e+01 8.544125350193351731e-02 9.962972177462786627e-01 9.573197534917183768e-03 4.861699999999999910e+00 2.332372017555825114e-02 -1.160572975043579723e-02 9.996605979601936864e-01 2.030600000000000183e+00
9.962912832417359921e-01 -8.236919673084257265e-02 -2.487959739326125672e-02 7.745310000000000628e+01 8.266684918310811259e-02 9.965145225809350915e-01 1.118026526644959155e-02 4.913299999999999557e+00 2.387197064911643005e-02 -1.319551875473925183e-02 9.996279344346680196e-01 2.054699999999999971e+00
9.966661228711082288e-01 -7.854279297859094455e-02 -2.208323328218428361e-02 7.800169999999999959e+01 7.892373321794586560e-02 9.967366866201601283e-01 1.694172011358963462e-02 4.966300000000000381e+00 2.068051875596150363e-02 -1.862812971253162767e-02 9.996125794163444045e-01 2.080299999999999816e+00
9.970997618324416445e-01 -7.379926039526366055e-02 -1.859392693327976270e-02 7.859099999999999397e+01 7.409448463907855609e-02 9.971272840925696768e-01 1.572217110469112042e-02 5.010399999999999743e+00 1.738022726426294295e-02 -1.705428049751446171e-02 9.997034956510628678e-01 2.104800000000000004e+00
9.975216873852167376e-01 -6.886939278521152230e-02 -1.440451087493274836e-02 7.911490000000000578e+01 6.903738008369188217e-02 9.975476854195054477e-01 1.150892980981708079e-02 5.036100000000000243e+00 1.357657347527953424e-02 -1.247485677607916045e-02 9.998300128527282116e-01 2.128400000000000070e+00
9.981074260760626204e-01 -6.073625235801708572e-02 -9.626716019527721893e-03 7.967749999999999488e+01 6.080769514857248953e-02 9.981227266737039416e-01 7.310725556940252286e-03 5.062800000000000189e+00 9.164617969977905190e-03 -7.882267881383445488e-03 9.999269371461649847e-01 2.154599999999999849e+00
9.986679241894278469e-01 -5.052706936132344423e-02 -1.045908489951481897e-02 8.017090000000000316e+01 5.063313947240698915e-02 9.986658643814636527e-01 1.013787484592811386e-02 5.089400000000000368e+00 9.932893956296455149e-03 -1.065394673254612540e-02 9.998939098907808631e-01 2.173099999999999810e+00
9.992813556520738771e-01 -3.630818920763906332e-02 -1.088520292028039710e-02 8.065240000000000009e+01 3.647566556000410298e-02 9.992127171470205349e-01 1.560358015402424532e-02 5.119699999999999918e+00 1.031009544612118342e-02 -1.598941175061207101e-02 9.998190039420941089e-01 2.190399999999999903e+00
9.998006019860041782e-01 -1.729518773993011377e-02 -9.981620583058993523e-03 8.117010000000000502e+01 1.750098569018252587e-02 9.996281237038878720e-01 2.091243171218015034e-02 5.138899999999999579e+00 9.616224222406745403e-03 -2.108295001381786660e-02 9.997314826744324590e-01 2.208000000000000185e+00
9.999518961565028174e-01 3.490098858898825832e-03 -9.166492402742979634e-03 8.162659999999999627e+01 -3.309764450179569599e-03 9.998021241897226963e-01 1.961524725825593632e-02 5.133000000000000007e+00 9.233137727704444214e-03 -1.958396475878422874e-02 9.997655812699434152e-01 2.221499999999999808e+00
9.995058760624995209e-01 3.046062855909147452e-02 -7.755889653708007182e-03 8.211490000000000578e+01 -3.033261717631931600e-02 9.994098675254203812e-01 1.611983337558375515e-02 5.108399999999999608e+00 8.242332908242199982e-03 -1.587661174831666092e-02 9.998399857715347672e-01 2.238399999999999945e+00
9.982870057619988025e-01 5.822140225505904182e-02 -5.772559761280904658e-03 8.254999999999999716e+01 -5.813087410390430781e-02 9.981996378953961191e-01 1.477445029150424409e-02 5.073599999999999888e+00 6.622356276959175461e-03 -1.441357779854497874e-02 9.998741886719479943e-01 2.253000000000000114e+00
9.959934652473837469e-01 8.933869737843340431e-02 -3.951497846791053939e-03 8.297880000000000678e+01 -8.927246110223684139e-02 9.959003704811715263e-01 1.459039972772730766e-02 5.026900000000000368e+00 5.238785475480569123e-03 -1.417918284634037997e-02 9.998857464233360526e-01 2.266700000000000159e+00
9.917763246713499070e-01 1.279592040741524273e-01 -2.482723121570109930e-03 8.344050000000000011e+01 -1.279109224576839010e-01 9.916812814893042338e-01 1.438860173038593662e-02 4.956599999999999895e+00 4.303224071941929435e-03 -1.395270713663493770e-02 9.998933964309124622e-01 2.279700000000000060e+00
9.859512516029946827e-01 1.670215600492152008e-01 -1.981903432223222628e-03 8.385150000000000148e+01 -1.669754841541166712e-01 9.858527003829228308e-01 1.461645781977283405e-02 4.876400000000000290e+00 4.395128438007457443e-03 -1.408018559626522496e-02 9.998912096921285242e-01 2.289400000000000102e+00
9.778192749471680267e-01 2.094464222001776454e-01 -1.289096326734487331e-03 8.425090000000000146e+01 -2.094066610797092609e-01 9.777223722164490871e-01 1.441572623516530760e-02 4.776099999999999568e+00 4.279700601962963848e-03 -1.382602961751462287e-02 9.998952570483436997e-01 2.301000000000000156e+00
9.656744119904672186e-01 2.597504758021553228e-01 -1.618748720197914909e-03 8.467440000000000566e+01 -2.596881623955368812e-01 9.655471654544232063e-01 1.675498715480914710e-02 4.645599999999999952e+00 5.915094123890751038e-03 -1.575949248809983480e-02 9.998583149916906443e-01 2.316399999999999793e+00
9.509339982466062935e-01 3.093786200896160854e-01 -3.066008833691191010e-03 8.504200000000000159e+01 -3.092800159462700260e-01 9.508063128812673792e-01 1.769822367935900559e-02 4.504900000000000126e+00 8.390632574380774145e-03 -1.588158734430020896e-02 9.998386732210488015e-01 2.329600000000000115e+00
9.303344453615765008e-01 3.666888640321150916e-01 -4.134823890439807102e-03 8.542969999999999686e+01 -3.665645457191145651e-01 9.302207069050072441e-01 1.788491730167221516e-02 4.326999999999999957e+00 1.040449881095113424e-02 -1.512327477716127189e-02 9.998315022865139623e-01 2.339799999999999880e+00
9.074187602696640598e-01 4.202007978710103897e-01 -4.741622004358385205e-03 8.576359999999999673e+01 -4.200545848580522490e-01 9.073112306995322340e-01 1.845200222819830607e-02 4.144000000000000128e+00 1.205567295489298058e-02 -1.475195292381021803e-02 9.998185038468423436e-01 2.346299999999999830e+00
8.802956320509168764e-01 4.743903326663033715e-01 -5.780351618257767443e-03 8.607970000000000255e+01 -4.742189812150272576e-01 8.802065364958941984e-01 1.878326290301376988e-02 3.942499999999999893e+00 1.399850161475444180e-02 -1.379367183371221772e-02 9.998068696352738760e-01 2.352199999999999847e+00
8.459165029079189768e-01 5.332549403263783239e-01 -8.027373514879202615e-03 8.640399999999999636e+01 -5.330813469541731964e-01 8.458953837142497711e-01 1.689015513387698633e-02 3.696899999999999853e+00 1.579707686760519272e-02 -1.000841787860539366e-02 9.998251266766635670e-01 2.360799999999999788e+00
8.114300191610278601e-01 5.843895023809368983e-01 -8.380543615709352273e-03 8.668070000000000164e+01 -5.842205136001019650e-01 8.114300191610278601e-01 1.636201372590873407e-02 3.458299999999999930e+00 1.636201372590873407e-02 -8.380543615709352273e-03 9.998310112191650667e-01 2.372700000000000031e+00
7.701118168385687746e-01 6.378699826716901500e-01 -7.048033201993049446e-03 8.696859999999999502e+01 -6.377377548062413970e-01 7.701141166275169425e-01 1.465617500281999122e-02 3.178100000000000147e+00 1.477652395839633426e-02 -6.792096689286823870e-03 9.998677521363864562e-01 2.384999999999999787e+00
7.299799189925255671e-01 6.834583799751201560e-01 -3.736403277217380248e-03 8.721450000000000102e+01 -6.833586134793236955e-01 7.299496170195641787e-01 1.394854818997264684e-02 2.904100000000000126e+00 1.226063829015907117e-02 -7.628856714860701715e-03 9.998957332111894081e-01 2.392100000000000115e+00
6.876208089015666269e-01 7.260643082737183729e-01 -2.871135065101913797e-03 8.744089999999999918e+01 -7.259852722634561051e-01 6.875956101735984927e-01 1.255632615665561169e-02 2.617300000000000182e+00 1.109088013237091719e-02 -6.549589376728261192e-03 9.999170441876094051e-01 2.397600000000000176e+00
6.395486944833845833e-01 7.687311580654823118e-01 -5.465711655479802214e-03 8.766379999999999484e+01 -7.686581971089641030e-01 6.395658947088795898e-01 1.095638363818949787e-02 2.283900000000000041e+00 1.191819624755280534e-02 -2.805876785044652232e-03 9.999250390172614855e-01 2.402600000000000069e+00
5.956371591383700093e-01 8.031902845044686101e-01 -1.008670070947489429e-02 8.784499999999999886e+01 -8.031630041239073980e-01 5.957116201771015529e-01 7.540185185583336488e-03 1.970299999999999940e+00 1.206496830630786853e-02 3.610050360202523689e-03 9.999206988937495710e-01 2.408300000000000107e+00
5.473589063551191902e-01 8.368522642595405125e-01 -8.747310295631636687e-03 8.803319999999999368e+01 -8.368066654569651375e-01 5.474236846540410095e-01 9.050642330132408625e-03 1.621299999999999963e+00 1.236253535982144956e-02 2.365857872572266034e-03 9.999207820802625823e-01 2.417400000000000215e+00
5.027383276905290632e-01 8.644254363925528706e-01 -4.778994504524323311e-03 8.819459999999999411e+01 -8.643474351765140229e-01 5.027579079957860131e-01 1.174722313920873416e-02 1.295199999999999907e+00 1.255727576792921643e-02 -1.775067673305026281e-03 9.999195787462327178e-01 2.423999999999999932e+00
4.599967349032423325e-01 8.879123442116760856e-01 -3.830518878993047389e-03 8.833899999999999864e+01 -8.878164672433057625e-01 4.600045746553493853e-01 1.333085847825491929e-02 9.594000000000000306e-01 1.359869000942190431e-02 -2.731353634598075210e-03 9.999038030417477518e-01 2.429899999999999949e+00
4.160113296496230628e-01 9.093055891286694337e-01 -9.895412195350427806e-03 8.846930000000000405e+01 -9.092516254629177119e-01 4.161049360083030058e-01 1.087031842073031898e-02 5.812000000000000499e-01 1.400197115390048284e-02 4.475244003325143730e-03 9.998919526603441410e-01 2.435200000000000031e+00
3.788537981464203952e-01 9.251880762635896760e-01 -2.228953049549381449e-02 8.856529999999999347e+01 -9.253920770918330208e-01 3.790017787472216293e-01 2.674950860300492894e-03 2.202999999999999958e-01 1.092260434577364304e-02 1.961313962934689570e-02 9.997479789767945713e-01 2.435900000000000176e+00
3.456218919751644636e-01 9.380031178876125919e-01 -2.637534114708623562e-02 8.866020000000000323e+01 -9.383391273294779955e-01 3.457143945744874935e-01 -1.113331284609097097e-03 -1.386999999999999900e-01 8.074026880155335539e-03 2.513380625995590562e-02 9.996514902068747155e-01 2.439000000000000057e+00
3.113270200929781906e-01 9.499812577218644805e-01 -2.472036685024405628e-02 8.877230000000000132e+01 -9.502509017233815580e-01 3.114766223130751577e-01 2.353194921412631382e-03 -5.332999999999999963e-01 9.935307439962409379e-03 2.275793772779587804e-02 9.996916354238697400e-01 2.444999999999999840e+00
2.817031666698770476e-01 9.593848294693357870e-01 -1.496913064465147346e-02 8.887829999999999586e+01 -9.594061911684453881e-01 2.818608792143327824e-01 9.705932009832060961e-03 -8.930000000000000160e-01 1.353093625066937623e-02 1.162728483423571511e-02 9.998408473409975405e-01 2.458099999999999952e+00
2.544826558047409426e-01 9.670279103430537981e-01 -9.777449161819145446e-03 8.896859999999999502e+01 -9.669469140777916527e-01 2.546013703308142029e-01 1.384946140133477832e-02 -1.260999999999999899e+00 1.588216767324858100e-02 5.929826575696592848e-03 9.998562866266236249e-01 2.473899999999999988e+00
2.276336894949549938e-01 9.736840279133889275e-01 -1.105971036118371179e-02 8.904829999999999757e+01 -9.735846780609829221e-01 2.277883736955107485e-01 1.566306017503372311e-02 -1.682600000000000096e+00 1.777014495739405453e-02 7.202124375016337281e-03 9.998161587775424852e-01 2.486200000000000188e+00
2.050923218763097688e-01 9.785944571800787584e-01 -1.703020504314707584e-02 8.910429999999999495e+01 -9.785523330616036075e-01 2.053645084879948124e-01 1.614775876637459043e-02 -2.076000000000000068e+00 1.929950691279087166e-02 1.335316553899475005e-02 9.997245730715091927e-01 2.493900000000000006e+00
1.855455792383583491e-01 9.822793597358857598e-01 -2.645935490446748792e-02 8.914939999999999998e+01 -9.822862000447941666e-01 1.861304056491189796e-01 2.166317830913244355e-02 -2.481500000000000039e+00 2.620418338092148428e-02 2.197115221723413073e-02 9.994151335874328357e-01 2.486400000000000166e+00
1.647048371269895783e-01 9.858948522623061095e-01 -2.972636724622543247e-02 8.920610000000000639e+01 -9.857436451041592385e-01 1.655803985760685437e-01 2.987637434756161559e-02 -2.934899999999999842e+00 3.437706741037120650e-02 2.438179423413904673e-02 9.991114779373655441e-01 2.480900000000000105e+00
1.479235560235336866e-01 9.886302986890074251e-01 -2.699544567953150384e-02 8.926200000000000045e+01 -9.883855008138529019e-01 1.487378689552973920e-01 3.116324950299431684e-02 -3.365600000000000147e+00 3.482417772613734253e-02 2.207212841392536956e-02 9.991496873807135248e-01 2.490000000000000213e+00
1.331733425305242635e-01 9.908254498981298175e-01 -2.301713868873704952e-02 8.931329999999999814e+01 -9.906662831303588712e-01 1.337613675333473306e-01 2.623379546098300250e-02 -3.814299999999999802e+00 2.907191613787418402e-02 1.930866100426590140e-02 9.993908140974153698e-01 2.509399999999999853e+00
1.177583027776654134e-01 9.927923536071322497e-01 -2.227834702429498659e-02 8.935580000000000211e+01 -9.927358363798673979e-01 1.182496386727264204e-01 2.219419115298203529e-02 -4.318200000000000038e+00 2.466862975702412142e-02 1.950296318462616321e-02 9.995054242638855557e-01 2.529999999999999805e+00
1.048221386344869721e-01 9.941982742730044453e-01 -2.412697006820383946e-02 8.938549999999999329e+01 -9.942419593610065665e-01 1.053079352152146431e-01 1.982838941251487130e-02 -4.787399999999999878e+00 2.225411193641723198e-02 2.190959181015812718e-02 9.995122431909644334e-01 2.545500000000000096e+00
9.224852842422481825e-02 9.953487712561156497e-01 -2.776747310264792920e-02 8.941009999999999991e+01 -9.955081305278438153e-01 9.278812595826413379e-02 1.881291402498291160e-02 -5.316399999999999793e+00 2.130190265030489430e-02 2.590728160372307576e-02 9.994373625712530407e-01 2.558199999999999807e+00
