1.000000000000000000e+00 4.163664669787243046e-19 -9.397537086700645945e-19 4.657193519719271535e-10 3.265551679916853232e-18 1.000000000000000000e+00 1.005562892081464496e-18 6.566969190657800937e-14 6.410316217376220322e-18 3.048913160606375138e-18 9.999999999999998890e-01 -2.815792043975307024e-11
9.991163020155575669e-01 4.198132722218788498e-02 -2.045273589504172269e-03 9.665561180501157645e-01 -4.198385157609946239e-02 9.991175608483130466e-01 -1.206592393940090656e-03 -3.568748802215371274e-02 1.992814941604090576e-03 1.291394764296240191e-03 9.999971804968672551e-01 1.539917225977127657e-02
9.959383950106378558e-01 8.977817498392841322e-02 -6.825857984912081858e-03 2.021779064408995907e+00 -8.981172202086774858e-02 9.959473049602528549e-01 -4.777088023664519643e-03 -1.233682049955430182e-01 6.369318099395674532e-03 5.370728148666012620e-03 9.999652929622760977e-01 3.363701379156613935e-02
9.909765343173921881e-01 1.335965343933855631e-01 -1.083853143422502940e-02 2.975595119982960668e+00 -1.336569833555842912e-01 9.910147604206740457e-01 -5.055295270540664972e-03 -2.456577324223469805e-01 1.006577700179482789e-02 6.458325276861316862e-03 9.999284825691545642e-01 5.194945500301562102e-02
9.831267864653880917e-01 1.824457417192492659e-01 -1.323902703032231280e-02 4.017085822048682253e+00 -1.824937508177953138e-01 9.832038279079178267e-01 -2.502968146811331701e-03 -4.226781994456436653e-01 1.256000911873067158e-02 4.876775442422539436e-03 9.999092275343747227e-01 7.551657660456856380e-02
9.738613330385879063e-01 2.267504440753071726e-01 -1.335433481107205569e-02 4.954919366209702858e+00 -2.268300828949501302e-01 9.739226908764410107e-01 -4.765233444348706930e-03 -6.329382128953469078e-01 1.192557395490951959e-02 7.669842582980702407e-03 9.998994721002661956e-01 9.953294841167625862e-02
9.626428556237991430e-01 2.704025826546606059e-01 -1.418355301385362810e-02 5.879208799030493537e+00 -2.705026981485050275e-01 9.627026088133689985e-01 -5.655067318482354805e-03 -8.839894078147412237e-01 1.212540198925263386e-02 9.280500891112462153e-03 9.998834167320682642e-01 1.257478340517026449e-01
9.482313334638862168e-01 3.170497842950568690e-01 -1.835126387759971472e-02 6.877001725116193676e+00 -3.172310800409266496e-01 9.483152172822052473e-01 -7.917952209725558771e-03 -1.207047900774987692e+00 1.489240174043340512e-02 1.332964361174153456e-02 9.998002486303517733e-01 1.555928405295817774e-01
9.335194739607085568e-01 3.578638550837984766e-01 -2.179101490190768139e-02 7.766365518975907989e+00 -3.581446269877990862e-01 9.336058460386932323e-01 -1.060918345619669967e-02 -1.545321690380566659e+00 1.654758007260226371e-02 1.770821686638176379e-02 9.997062553109897776e-01 1.808631388810361118e-01
9.167686166490887079e-01 3.987864913500555608e-01 -2.246401835707855996e-02 8.641636911254686026e+00 -3.990741580650752907e-01 9.168635296321049344e-01 -1.005434496367390608e-02 -1.916180061462703144e+00 1.658690687802038752e-02 1.818231988444923494e-02 9.996970931385572579e-01 2.072573018076546703e-01
8.959826130931614063e-01 4.435391929596772531e-01 -2.209376166192490720e-02 9.583363539303576317e+00 -4.438345557856576140e-01 8.960444319705145322e-01 -1.073637685641910117e-02 -2.369000050982578820e+00 1.503499282885833836e-02 1.942558489558328383e-02 9.996982524333720699e-01 2.385843410861939740e-01
8.747313692666008889e-01 4.841390834762632767e-01 -2.131598284554244577e-02 1.041729800560863417e+01 -4.844256288109559105e-01 8.747627094573326989e-01 -1.104628282684631813e-02 -2.817508355849879020e+00 1.329849421939454691e-02 1.998854168661222744e-02 9.997117627243837790e-01 2.668745985135069221e-01
8.491466171035357835e-01 5.277481655100447755e-01 -2.078188106007257743e-02 1.130614482864951675e+01 -5.280235744091312799e-01 8.491594092139910233e-01 -1.092758978687267089e-02 -3.354413084728347982e+00 1.188011891832603702e-02 2.025245237332048628e-02 9.997243126094121912e-01 2.975757013500240911e-01
8.242118790430298381e-01 5.658757627862907036e-01 -2.143334295581532725e-02 1.208769452908004816e+01 -5.661701258480763554e-01 8.242100316656135739e-01 -1.136764497989945985e-02 -3.877257308956403747e+00 1.123290612329536434e-02 2.150427014498744807e-02 9.997056509179288453e-01 3.219664590292732331e-01
7.977657188530956622e-01 6.024878283645793697e-01 -2.404707099701812109e-02 1.283858607926002904e+01 -6.028665962444041959e-01 7.977273432578755319e-01 -1.352647301354766539e-02 -4.438159466969006317e+00 1.103347547735188464e-02 2.528813656199963358e-02 9.996193139986572218e-01 3.458253802422779910e-01
7.670664983280894855e-01 6.410838697350693671e-01 -2.490872437979836998e-02 1.363451600782423689e+01 -6.414712812136188491e-01 7.670458434716325158e-01 -1.246128378650190882e-02 -5.087768348595414380e+00 1.111741044278368416e-02 2.553686909802375254e-02 9.996120606801038866e-01 3.715391105741842614e-01
7.374753637434615650e-01 6.748043591450504364e-01 -2.773352849205504983e-02 1.432484901235305230e+01 -6.753009730561841950e-01 7.373776430752998490e-01 -1.558277891199480458e-02 -5.715730574263815811e+00 9.934761682841146760e-03 3.022039950788193291e-02 9.994938861218830572e-01 3.933120357814257062e-01
7.064621183787793690e-01 7.071901861917653243e-01 -2.816554872505442828e-02 1.498556872702447329e+01 -7.076940559785038776e-01 7.063500455869546890e-01 -1.545165063998769212e-02 -6.369338559044043890e+00 8.967485881407511947e-03 3.084860267921734830e-02 9.994838409644491994e-01 4.138805632791180411e-01
6.699395651569571841e-01 7.418724726334985364e-01 -2.839355413235003858e-02 1.567797922405784838e+01 -7.423668589533969353e-01 6.698438997675281170e-01 -1.416388747871216887e-02 -7.115947473509650401e+00 8.511455847129121427e-03 3.056738777947340044e-02 9.994964684063619709e-01 4.362273272308326288e-01
6.355378826087358934e-01 7.713687072876235229e-01 -3.289218879199098250e-02 1.626784615001791678e+01 -7.720157666929853280e-01 6.354200682929047606e-01 -1.526477558348280847e-02 -7.824966821488641422e+00 9.125591929672627681e-03 3.509463781641667529e-02 9.993423289774304719e-01 4.522430765524989571e-01
5.965642216593459723e-01 8.018469707521629353e-01 -3.394911100929154379e-02 1.688072210154558306e+01 -8.025125835495063864e-01 5.964761480353266698e-01 -1.377607847388483131e-02 -8.630295670996753543e+00 9.203533623268325692e-03 3.546291087334468850e-02 9.993286133429737372e-01 4.721066572534952654e-01
5.600633352790919117e-01 8.276379096440765748e-01 -3.666778812487560962e-02 1.739906955538139499e+01 -8.283939983347413660e-01 5.599905333795927032e-01 -1.319127696747281718e-02 -9.387669978743677035e+00 9.616018981222643550e-03 3.776333322087615380e-02 9.992404432433977801e-01 4.897207327012300659e-01
5.224523797733262587e-01 8.515779751264714870e-01 -4.310959639330357029e-02 1.787990701082244271e+01 -8.525785151240071746e-01 5.224635810917820367e-01 -1.190408097911088529e-02 -1.016765340924226102e+01 1.238594715005503742e-02 4.297363900006034160e-02 9.989994271016973126e-01 5.053655138828573312e-01
4.806806802099024001e-01 8.757659011048281039e-01 -4.449879549084855002e-02 1.837385939376089539e+01 -8.768178276493793222e-01 4.806951048870479193e-01 -1.107880306535521421e-02 -1.105282871703492198e+01 1.168792143606474897e-02 4.434271205395311916e-02 9.989480051992475351e-01 5.204847149764961767e-01
4.434473426423201636e-01 8.950160180174926428e-01 -4.796616714792367731e-02 1.878660192987055311e+01 -8.962474511661973064e-01 4.433676255481642792e-01 -1.287177917291364507e-02 -1.188161412463578337e+01 9.746203093730100228e-03 4.869752032495834604e-02 9.987660205668653646e-01 5.362726241932227467e-01
4.073361967059716537e-01 9.118744063579183878e-01 -5.061877270938932444e-02 1.916405499466267415e+01 -9.132444241852599731e-01 4.071723400932666936e-01 -1.397626637849004767e-02 -1.273014943548467492e+01 7.865970305574452801e-03 5.192036072527394380e-02 9.986202499052567738e-01 5.526842867505423751e-01
3.693668967935418990e-01 9.277594882024498002e-01 -5.320147353995602346e-02 1.954746893650730399e+01 -9.292427102839414532e-01 3.692823031112645871e-01 -1.177267583094458378e-02 -1.368052044985926052e+01 8.724156967336704066e-03 5.378552822663009575e-02 9.985143999722696506e-01 5.660228850466462180e-01
3.367287524323780978e-01 9.400603209303165508e-01 -5.385451386751128472e-02 1.986626248533647754e+01 -9.415784365448001125e-01 3.365713526903561514e-01 -1.223940696137899159e-02 -1.456688403251733988e+01 6.620111455786668528e-03 5.482961952524446209e-02 9.984737792651928734e-01 5.767939491639174632e-01
3.014425962869687337e-01 9.519214208470272442e-01 -5.457047958814924271e-02 2.018684024000456390e+01 -9.534815384736498034e-01 3.010864232170709087e-01 -1.483081288053771790e-02 -1.556444087815228272e+01 2.312667111024472623e-03 5.650259428299319459e-02 9.983997743276832315e-01 5.881334823530942613e-01
2.695127009803620632e-01 9.614283863768441352e-01 -5.493931927828305667e-02 2.044737137065580868e+01 -9.629966834189113145e-01 2.691074123235733806e-01 -1.478581944970642180e-02 -1.648492873912722345e+01 5.690763416340711414e-04 5.689135930890942827e-02 9.983802133277273061e-01 5.975594883637713739e-01
2.377965170913023674e-01 9.698667337543577238e-01 -5.302170900171176288e-02 2.068313256001048472e+01 -9.713147321074981910e-01 2.374832019571627706e-01 -1.222508295045062789e-02 -1.741538844664130892e+01 7.350688538781481639e-04 5.440785997968918680e-02 9.985185252976614967e-01 6.025407745893029965e-01
2.042678383314430468e-01 9.774697764111187626e-01 -5.317379352720034980e-02 2.090748633787255528e+01 -9.789147106138154086e-01 2.040117043084148929e-01 -1.025899833873789718e-02 -1.845357376973737473e+01 8.202203780313581469e-04 5.414820300769887518e-02 9.985325734595866809e-01 6.074666312106824506e-01
1.745016970667395972e-01 9.831394734731319085e-01 -5.464337916516769089e-02 2.108077208872277808e+01 -9.846567859487982410e-01 1.742072375048062671e-01 -1.014326746093550426e-02 -1.941591936213728786e+01 -4.529697298454123024e-04 5.557500270848517165e-02 9.984544129987770189e-01 6.121176078908424634e-01
1.448251755711980893e-01 9.878696116596001886e-01 -5.602913515445634429e-02 2.122747708609565365e+01 -9.894541726343387689e-01 1.444505031121932070e-01 -1.070169713298189940e-02 -2.039405694491010479e+01 -2.478440166842590681e-03 5.698814828238132901e-02 9.983717790830307637e-01 6.152698802610098161e-01
1.123323198021644181e-01 9.921841970650646658e-01 -5.433170235067510956e-02 2.135988018697790380e+01 -9.936541636863819305e-01 1.118468489685129491e-01 -1.190460257368651520e-02 -2.148963850711366419e+01 -5.734724886666521526e-03 5.532420538189368464e-02 9.984519748958020635e-01 6.170371381439204717e-01
8.366304238482026590e-02 9.949880637078968304e-01 -5.476507164668301814e-02 2.145211438721683805e+01 -9.964663105125188824e-01 8.312369288767948450e-02 -1.205728350920164810e-02 -2.250035151476221529e+01 -7.444574488681405047e-03 5.558030958247659609e-02 9.984264662213845343e-01 6.145977033900557052e-01
5.438880034020623228e-02 9.968560239194719230e-01 -5.761849026825027753e-02 2.151655226681854671e+01 -9.984838416798715865e-01 5.380616044341155618e-02 -1.161677817075921007e-02 -2.362862664563836290e+01 -8.480022038465167070e-03 5.816296629076971730e-02 9.982710852259439882e-01 6.081966329503640800e-01
2.978818714859903655e-02 9.976496138678045966e-01 -6.170799082235645799e-02 2.154817186518788574e+01 -9.995123980416000808e-01 2.915178187005489432e-02 -1.118813568235322957e-02 -2.466844249221790975e+01 -9.362937967081194635e-03 6.201118892552382605e-02 9.980315370568414446e-01 6.006604105917874303e-01
7.567427037303641781e-03 9.978002211231083995e-01 -6.585906858670283193e-02 2.155451242448139837e+01 -9.999167712139465092e-01 6.862264575616689594e-03 -1.092678377902731729e-02 -2.572136246373490565e+01 -1.045080170514340462e-02 6.593628822756975039e-02 9.977691054869920473e-01 5.915005353261805210e-01
-1.430206857404985564e-02 9.972887237784624492e-01 -7.218459830833498514e-02 2.153396505674561823e+01 -9.998251453468772754e-01 -1.513360301264785393e-02 -1.098578258669769513e-02 -2.689315393896180950e+01 -1.204840719893992759e-02 7.201487133645358141e-02 9.973307854414035223e-01 5.806580493653550334e-01
-3.157561658825554923e-02 9.965619885520451415e-01 -7.659730600181198501e-02 2.149433958659257371e+01 -9.993999859007807185e-01 -3.257114450386584120e-02 -1.178233095000247657e-02 -2.796988178764424759e+01 -1.423668249140122577e-02 7.617932704826643753e-02 9.969924917120769337e-01 5.696688809093566341e-01
-4.684585938102945463e-02 9.957059478071891290e-01 -7.984419066874810789e-02 2.143916120326596442e+01 -9.987847144326998938e-01 -4.791609892268684778e-02 -1.154020073625571137e-02 -2.905598918536582786e+01 -1.531646623746321136e-02 7.920656189204119957e-02 9.967405520186891632e-01 5.576059425201040920e-01
-6.221622080802883398e-02 9.946388673671515690e-01 -8.259920817113065861e-02 2.136081009773165462e+01 -9.979100803976455047e-01 -6.344061137490765445e-02 -1.227985179762049184e-02 -3.025894522901854344e+01 -1.745416008850030065e-02 8.166259222275015772e-02 9.965071876491895519e-01 5.437148077132532009e-01
-7.507700146234892735e-02 9.937207300620845007e-01 -8.296094471482361177e-02 2.127800412789389739e+01 -9.969833246006121197e-01 -7.644496821354226923e-02 -1.343323219421520970e-02 -3.135868447278939897e+01 -1.969082639320123354e-02 8.170216747682393366e-02 9.964622566408750659e-01 5.296472226981664422e-01
-8.706799285311765668e-02 9.927464196487898462e-01 -8.290762822482151961e-02 2.118291201961830339e+01 -9.959821027029587270e-01 -8.849683664952481821e-02 -1.371113973331178001e-02 -3.246336828977958078e+01 -2.094874622983993601e-02 8.138072828780906764e-02 9.964629089020584640e-01 5.141473478772383698e-01
-9.937779987668229897e-02 9.915929281906002979e-01 -8.287027006036903898e-02 2.106087623593117186e+01 -9.948668230628638920e-01 -1.006113840570281998e-01 -1.083457663934474235e-02 -3.368916086068760762e+01 -1.908118036388969235e-02 8.136818178532057022e-02 9.965014446848707852e-01 4.940248350967433311e-01
-1.096330143074036034e-01 9.904840395684266774e-01 -8.319815866968416351e-02 2.093561245142151606e+01 -9.938378049885108201e-01 -1.106096673828351473e-01 -7.207848134780268749e-03 -3.481950786507694318e+01 -1.634177697475835273e-02 8.189527326344739344e-02 9.965069554462807622e-01 4.743877153691041793e-01
-1.200031073559647554e-01 9.892098035529790501e-01 -8.404274454039084574e-02 2.078101197123550037e+01 -9.926683210446376471e-01 -1.207920959691403534e-01 -4.348342615164861591e-03 -3.608686028152492753e+01 -1.445311988744743537e-02 8.290477166215191873e-02 9.964526621436556875e-01 4.524882905393438626e-01
-1.274317822314923743e-01 9.883012012625554954e-01 -8.379642393054936855e-02 2.063069664569254158e+01 -9.917495248151855236e-01 -1.281502388059395092e-01 -3.229612447302826483e-03 -3.726162016550280498e+01 -1.393035899808861555e-02 8.269352452261126418e-02 9.964776604737486387e-01 4.333165430099855664e-01
-1.331657762570381265e-01 9.875912699563511588e-01 -8.324856643317031513e-02 2.047073024228999927e+01 -9.909966339228791776e-01 -1.338582928031079311e-01 -2.768216512297842595e-03 -3.845736939319329650e+01 -1.387737483621903981e-02 8.213043354819887787e-02 9.965249681057805065e-01 4.140298983072381311e-01
-1.387682762429490457e-01 9.867484542980660134e-01 -8.408815463644660204e-02 2.028266864075690279e+01 -9.902421672975395550e-01 -1.393530793900867315e-01 -1.096967648202707129e-03 -3.979363226071942705e+01 -1.280037164316170928e-02 8.311542846916948613e-02 9.964577149921168830e-01 3.930415212987013462e-01
-1.432850113272547965e-01 9.861823267459193243e-01 -8.314919313230174913e-02 2.010487313923860242e+01 -9.896176081825098780e-01 -1.437237292484986606e-01 7.163434950552643966e-04 -4.102829291192470151e+01 -1.124406379940115323e-02 8.238856313212931937e-02 9.965368520013345721e-01 3.738491795098043413e-01
-1.474094534625769726e-01 9.855617450677587321e-01 -8.329744355234124098e-02 1.991729731479956200e+01 -9.890196687656889196e-01 -1.477728587065872401e-01 1.819588654200498699e-03 -4.228421094965409566e+01 -1.051578124511414435e-02 8.265105087013600860e-02 9.965230673912128800e-01 3.566180817657618185e-01
-1.505642374647502557e-01 9.850900017820570786e-01 -8.323498804244831850e-02 1.970324031192262382e+01 -9.885299246687231367e-01 -1.510231643966116755e-01 7.910097936419208066e-04 -4.369015804982367968e+01 -1.179119251137449378e-02 8.239939049969956242e-02 9.965296332419260050e-01 3.386204814201607682e-01
-1.525616246137127818e-01 9.847004325426684801e-01 -8.420197910744199599e-02 1.950102865210051561e+01 -9.881880978877021215e-01 -1.532377140243436353e-01 -1.587456968428014540e-03 -4.499096199134417162e+01 -1.446608586276373377e-02 8.296522489545779533e-02 9.964474424433068522e-01 3.199778379377535842e-01
-1.546678041924826053e-01 9.843621778423227164e-01 -8.431451618378672797e-02 1.929443891675915523e+01 -9.878419185140411285e-01 -1.554396143370967154e-01 -2.627570025180703955e-03 -4.630900689531744518e+01 -1.569229413681567237e-02 8.288302927679591647e-02 9.964357265273623421e-01 2.989245990051027091e-01
-1.568291211016957787e-01 9.838233242524823119e-01 -8.658093232997615685e-02 1.905868950993561484e+01 -9.875043615284165854e-01 -1.575806610073239578e-01 -1.872169293645730695e-03 -4.777974533199513729e+01 -1.548536203920370877e-02 8.520545428040635083e-02 9.962430606696880409e-01 2.725394156789395228e-01
-1.578592697358537633e-01 9.836925033089811699e-01 -8.619439847116647235e-02 1.884089354369269742e+01 -9.873473845080190658e-01 -1.585663371242010400e-01 -1.375792071987566763e-03 -4.913641252062471665e+01 -1.502088399274592416e-02 8.488664896640092661e-02 9.962773869099222912e-01 2.493505759163334723e-01
-1.584859642036935412e-01 9.834165388316157275e-01 -8.817071329143097436e-02 1.859380137882611095e+01 -9.872547214589038056e-01 -1.591474759750234891e-01 -4.791742649676888660e-04 -5.065159298710815250e+01 -1.450337188804621744e-02 8.697102747316880211e-02 9.961052627331093978e-01 2.225399803690388811e-01
-1.586130427927858466e-01 9.834442883216489850e-01 -8.763103800465955884e-02 1.836755547758751561e+01 -9.872424591263271321e-01 -1.592242457022997326e-01 1.540334904808075063e-05 -5.204828732654537760e+01 -1.393783501446248241e-02 8.651554144706991023e-02 9.961530001392704392e-01 2.007737536026757974e-01
-1.582500220184687723e-01 9.835168840281278690e-01 -8.747247431050664268e-02 1.813853763376404160e+01 -9.873180908851516557e-01 -1.587495956494315574e-01 1.259783201534709924e-03 -5.346328210384507429e+01 -1.264719909172908573e-02 8.656253388378541691e-02 9.961661397185886946e-01 1.806488834461005277e-01
-1.569890610538502429e-01 9.836904591514740170e-01 -8.779225283981298422e-02 1.788449144585298001e+01 -9.875204203968753758e-01 -1.574859059299111297e-01 1.281603781335815791e-03 -5.504366433616342391e+01 -1.256533825906333904e-02 8.689785706591807157e-02 9.961379806840280349e-01 1.587760434974622159e-01
-1.554440105576830045e-01 9.840000729091713527e-01 -8.706882609444253907e-02 1.765341903619529873e+01 -9.877525311637278538e-01 -1.560287238634293916e-01 9.112015187191233924e-05 -5.650184635387640242e+01 -1.349557293684081061e-02 8.601663418215760304e-02 9.962022937036537629e-01 1.402953008976212113e-01
-1.544206882887036447e-01 9.840830656244511365e-01 -8.794734402578571753e-02 1.741941411722031674e+01 -9.879220252135647584e-01 -1.549497757620052207e-01 8.203008503814523652e-04 -5.797831044595337602e+01 -1.282017429854047721e-02 8.701180650571053998e-02 9.961247866174964827e-01 1.199276574088814495e-01
-1.532378949480159014e-01 9.842866317776280960e-01 -8.773789598089959396e-02 1.716258484785217675e+01 -9.881195048753828036e-01 -1.536774905421506021e-01 1.762612191388473418e-03 -5.962599590536269289e+01 -1.174842112592868783e-02 8.696564216678182024e-02 9.961420348182908890e-01 9.670380294532987531e-02
-1.523720740211833569e-01 9.843404391128998121e-01 -8.863755007060755697e-02 1.692610769563613715e+01 -9.882603135486482948e-01 -1.527602470602661133e-01 2.427634135800784375e-03 -6.114593532131812736e+01 -1.115067256160249057e-02 8.796689364588727855e-02 9.960609870896570683e-01 7.785674800740183255e-02
-1.512613419256366443e-01 9.845440000263030456e-01 -8.827843874765885224e-02 1.666568723532130392e+01 -9.884311554313809367e-01 -1.516529899528452352e-01 2.292476338280357174e-03 -6.283953951433758789e+01 -1.113064232147761325e-02 8.760393917920845930e-02 9.960931987059855608e-01 5.791471453022933868e-02
-1.501792357434300895e-01 9.845317178988801654e-01 -9.024110938961740769e-02 1.642491649287522648e+01 -9.885736052555755826e-01 -1.507377180632269442e-01 6.333993818960979546e-04 -6.439832877290010060e+01 -1.297913438439749628e-02 8.930511942002643255e-02 9.959197455844751579e-01 3.991878962961448174e-02
-1.493409640433395191e-01 9.845203851136321571e-01 -9.174340258111460256e-02 1.618239921978644702e+01 -9.886740578168744520e-01 -1.500746626414912743e-01 -1.112156460080872484e-03 -6.597107571014140603e+01 -1.486329846541102617e-02 9.053824887723463388e-02 9.957820594021021821e-01 2.145022886146785712e-02
-1.485643615265461459e-01 9.844898687205497767e-01 -9.331823494324854862e-02 1.591670730737735262e+01 -9.887979522980545610e-01 -1.492595627103117661e-01 -4.757494460506304880e-04 -6.771352893867236844e+01 -1.439700694091148279e-02 9.220221770679588869e-02 9.956362183408858924e-01 -6.423772109463987690e-04
-1.477628221776157436e-01 9.844185928767745786e-01 -9.532127992528327542e-02 1.567237092353113681e+01 -9.889453374388462725e-01 -1.482699794681528738e-01 1.779499922826290569e-03 -6.930881327839456674e+01 -1.238150856960911102e-02 9.453049705905126887e-02 9.954449685803022918e-01 -1.922921235893482184e-02
-1.471004591078695078e-01 9.845869484772924451e-01 -9.460422750506408685e-02 1.543122899047139107e+01 -9.890426709812096817e-01 -1.476224664949118415e-01 1.495407998307249830e-03 -7.092089555018424107e+01 -1.249334738727090298e-02 9.378761075047206686e-02 9.955138383852883965e-01 -3.435282494014335608e-02
-1.468386821098358330e-01 9.845816840524533875e-01 -9.506457221136660474e-02 1.516238595530237632e+01 -9.890756771064600494e-01 -1.474048047262472017e-01 1.078139041966355832e-03 -7.271082303173426453e+01 -1.295145600388792825e-02 9.418438638401058216e-02 9.954705235415163278e-01 -5.147367106177169749e-02
-1.464726521394823233e-01 9.846820571394189203e-01 -9.458843777282760490e-02 1.491843051349276372e+01 -9.891106736357155871e-01 -1.471730982171584046e-01 -4.339925173874384086e-04 -7.435616540880444347e+01 -1.434821556857467616e-02 9.349488301868018325e-02 9.955163673358089493e-01 -6.838794827259386810e-02
-1.460862438296084698e-01 9.845560954790515407e-01 -9.647833014573893584e-02 1.464444477557465341e+01 -9.891685379647082721e-01 -1.467842567641293450e-01 -1.391367159568006719e-04 -7.618207660968802486e+01 -1.429848535902895554e-02 9.541302070807847202e-02 9.953350747034025447e-01 -9.017368334030106958e-02
-1.460871530987998268e-01 9.844934243708928223e-01 -9.711439139991923097e-02 1.439549035036485947e+01 -9.891697531210292826e-01 -1.467761251023581015e-01 5.002303939458477446e-05 -7.785693962844686666e+01 -1.420482416574186599e-02 9.606994426545202581e-02 9.952732242657559292e-01 -1.090641796560988253e-01
-1.461652661428007594e-01 9.844466251878530860e-01 -9.747061641933760234e-02 1.414385371602751285e+01 -9.891711256855937329e-01 -1.467631551153394664e-01 1.046088400528515224e-03 -7.954337469306240394e+01 -1.327527430776602631e-02 9.656803919419390536e-02 9.952378525117869801e-01 -1.280436486090301695e-01
-1.466237072660858121e-01 9.844465787258127598e-01 -9.678009127246903209e-02 1.386668814047754594e+01 -9.891132559692834558e-01 -1.471458737316264642e-01 1.758577490524182137e-03 -8.141402470288629445e+01 -1.250956267844767315e-02 9.598433831009772765e-02 9.953042347902780751e-01 -1.468948811003434329e-01
-1.477347035593052083e-01 9.843904089260108181e-01 -9.565534064031604167e-02 1.361110590343388260e+01 -9.889518510273039853e-01 -1.482235214881650887e-01 2.014423197989084324e-03 -8.312867125293718118e+01 -1.219538969521723887e-02 9.489614423486025796e-02 9.954124755053789242e-01 -1.621219185756053172e-01
-1.489553583176755069e-01 9.842732048850335591e-01 -9.496590664243896585e-02 1.335198856645122767e+01 -9.887782809727507782e-01 -1.493636945729454046e-01 2.834021855572015081e-03 -8.485566116733578212e+01 -1.139500390274969001e-02 9.432238642835234776e-02 9.954764906285381576e-01 -1.763202696129217983e-01
-1.499534221986945082e-01 9.842258043418675717e-01 -9.388024998070651495e-02 1.306362959506303767e+01 -9.886205067356255149e-01 -1.504153960274064172e-01 2.176269721528802624e-03 -8.677316812700330217e+01 -1.197909126127151558e-02 9.313829702141096512e-02 9.955811172638743267e-01 -1.921167702260333510e-01
-1.508562108669836976e-01 9.840628354641037800e-01 -9.414193327073129558e-02 1.279527584907764570e+01 -9.884755983302199178e-01 -1.513709607821395187e-01 1.690437421095467886e-03 -8.853046099674112668e+01 -1.258685544531294720e-02 9.331203444932748003e-02 9.955573501095317246e-01 -2.086590194719728508e-01
-1.511379477337820576e-01 9.842551814047924008e-01 -9.164618277845858196e-02 1.252618271741134848e+01 -9.884229856227456645e-01 -1.517223758336663231e-01 5.966601380001262424e-04 -9.030373924387534146e+01 -1.331750807184185585e-02 9.067538890456801337e-02 9.957914539707729551e-01 -2.262277254581014363e-01
-1.527460557028741117e-01 9.840441822449570441e-01 -9.124502218142710452e-02 1.222182291452058323e+01 -9.881892968558207979e-01 -1.532283536100979560e-01 1.737541557680573594e-03 -9.226703295266773353e+01 -1.227150401076911555e-02 9.043277422012378775e-02 9.958269555998265909e-01 -2.476478882930743808e-01
-1.553624723166135702e-01 9.837536854651247609e-01 -8.995083555129375352e-02 1.194193093023643470e+01 -9.877960053078439495e-01 -1.557238088755138194e-01 3.030022828147189116e-03 -9.406577575405390235e+01 -1.102668754688685381e-02 8.932384502983597985e-02 9.959415970792351303e-01 -2.664144512592975245e-01
-1.594040630415072546e-01 9.830413656658746335e-01 -9.066411850489067281e-02 1.162314046119512945e+01 -9.871452593050481505e-01 -1.597987927680084852e-01 2.935405887869712953e-03 -9.605833866792039544e+01 -1.160238831621334191e-02 8.996658765890053200e-02 9.958772010822758425e-01 -2.873824915461002938e-01
-1.638887370988202918e-01 9.824972274771154312e-01 -8.854176574428067326e-02 1.132729272533127940e+01 -9.864042365519495315e-01 -1.643187940293085736e-01 2.459621341603775591e-03 -9.788107202297358356e+01 -1.213250215400789311e-02 8.774109407837343833e-02 9.960694276385606560e-01 -3.017856175883402159e-01
-1.684617141130443085e-01 9.819040627118439390e-01 -8.651605085771155168e-02 1.102164639130838353e+01 -9.856171224117603602e-01 -1.689892847142920873e-01 1.242298132236436614e-03 -9.971192707459172766e+01 -1.340046531219537054e-02 8.548099749739265785e-02 9.962496817586388165e-01 -3.158073718458426216e-01
-1.735659036088489371e-01 9.811189783065377146e-01 -8.532521408469659341e-02 1.067275806860480181e+01 -9.847447619527799345e-01 -1.739866314328622210e-01 2.537611156360331313e-03 -1.017324213241372490e+02 -1.235574528890125146e-02 8.446401703652414716e-02 9.963499220433643666e-01 -3.311363161758007490e-01
-1.781731649319621413e-01 9.802664844368899066e-01 -8.562655828149491610e-02 1.034299773210458717e+01 -9.839313403655667312e-01 -1.785067455715012852e-01 3.806934955706471526e-03 -1.035780386552249155e+02 -1.155310456053791623e-02 8.492896462295587701e-02 9.963200281666305669e-01 -3.455928468713357349e-01
-1.827471221736156892e-01 9.794707060788159225e-01 -8.509165670755278188e-02 1.000303030773552848e+01 -9.831071238594721873e-01 -1.829489361148875226e-01 5.486642987454345630e-03 -1.054313325774652128e+02 -1.019341882176201530e-02 8.465689880619431396e-02 9.963580207268118993e-01 -3.567877520187623386e-01
-1.879195312090779779e-01 9.786029120621262400e-01 -8.380068718293551266e-02 9.617393614046914507e+00 -9.821372036866339306e-01 -1.880620944076947521e-01 6.260604780544555548e-03 -1.074827737627989137e+02 -9.633083424457629385e-03 8.348027906711270874e-02 9.964628685712992873e-01 -3.661078416053659135e-01
-1.926260992235925840e-01 9.778487905038110162e-01 -8.189562753179832622e-02 9.257720901563196492e+00 -9.812125367416913990e-01 -1.928630612306089787e-01 5.082389641506686838e-03 -1.093580318747542748e+02 -1.082482981134043343e-02 8.133603365487755699e-02 9.966279518242423530e-01 -3.754131214363453095e-01
-1.983040085320593171e-01 9.768722306181039094e-01 -7.997581124740170411e-02 8.850837672587646310e+00 -9.800770670861232992e-01 -1.985588301564112645e-01 4.833921002122131168e-03 -1.114295863381130687e+02 -1.115777733792392042e-02 7.934106053541213621e-02 9.967850830179827426e-01 -3.876138786788650981e-01
-2.036318313173914041e-01 9.758362662522882536e-01 -7.923145825000477149e-02 8.467322933298603971e+00 -9.789697688439614742e-01 -2.039678996214784878e-01 3.914178570635796356e-03 -1.133200776604516165e+02 -1.234107392723469108e-02 7.836226971902937599e-02 9.968485612986671685e-01 -4.003246932770501143e-01
-2.089138983571829644e-01 9.747190852951427287e-01 -7.923164233337411100e-02 8.071371863753851628e+00 -9.778481720342264705e-01 -2.092825385240762448e-01 3.715457208548457717e-03 -1.152170017458928726e+02 -1.296026949945215841e-02 7.825274328526460321e-02 9.968493071505675207e-01 -4.148178641960398316e-01
-2.148019049615442211e-01 9.734128307322865714e-01 -7.954601172628188166e-02 7.619432722020448523e+00 -9.765824052020991575e-01 -2.150827936661630357e-01 5.121594614687034926e-03 -1.173091680462813997e+02 -1.212354969798926270e-02 7.878337984461550314e-02 9.968180376573834156e-01 -4.313481398294639613e-01
-2.203631706488794195e-01 9.722127907163915506e-01 -7.900840513136257737e-02 7.197776823605775753e+00 -9.753493956909309315e-01 -2.205837147440066481e-01 6.034404734983854317e-03 -1.192195001184325065e+02 -1.156123912960054997e-02 7.839057684586533958e-02 9.968556850385841273e-01 -4.460300272517179199e-01
-2.260516215824545649e-01 9.708608976923263079e-01 -7.955970888286115206e-02 6.759716387871693044e+00 -9.740387419775071720e-01 -2.263029173990950271e-01 5.962511193676630489e-03 -1.211367311688515258e+02 -1.221582246820465678e-02 7.884209024836259794e-02 9.968122692287461062e-01 -4.594514615147472503e-01
-2.319763555143065648e-01 9.695480760764453310e-01 -7.850773434106449178e-02 6.265517821432195156e+00 -9.726454535976607474e-01 -2.322103206607550596e-01 6.262692273557060943e-03 -1.232524577835901880e+02 -1.215832212905025751e-02 7.781300347825609309e-02 9.968938324917124838e-01 -4.740376048910688311e-01
-2.369753232818624100e-01 9.683830690287468235e-01 -7.795443262297283016e-02 5.804159847670216976e+00 -9.714399045405840427e-01 -2.371949896170544858e-01 6.563644078167967313e-03 -1.251816614130290048e+02 -1.213427625060553572e-02 7.728348428999948228e-02 9.969353158291598405e-01 -4.891710672723141862e-01
-2.424411066347702814e-01 9.671273368552617544e-01 -7.672672312180059406e-02 5.283494894737971848e+00 -9.700900064760101804e-01 -2.426535409062136606e-01 6.683635660619867240e-03 -1.273113951681306730e+02 -1.215408151109195756e-02 7.605223125275138718e-02 9.970297578003658456e-01 -5.043987718722783287e-01
-2.466754221268357694e-01 9.659244082611403437e-01 -7.836606146057586986e-02 4.793775574305136900e+00 -9.690129503025520785e-01 -2.469183610086358172e-01 6.727379434371860874e-03 -1.292529423092321110e+02 -1.285187679471317193e-02 7.759722369623346661e-02 9.969019518996142804e-01 -5.198222996674622953e-01
-2.502865159749559365e-01 9.648268830157081810e-01 -8.040964916334493451e-02 4.292284676926702680e+00 -9.680571405148994391e-01 -2.506705921654521219e-01 5.446040132819733592e-03 -1.312014314140754152e+02 -1.490184612327035557e-02 7.920422178808621261e-02 9.967470229974162432e-01 -5.373419837994284354e-01
-2.541721488570569676e-01 9.637077507365204854e-01 -8.163244388825524611e-02 3.729008140346381062e+00 -9.670536149913304680e-01 -2.544835911430831654e-01 6.740914596913120255e-03 -1.333502778424845303e+02 -1.427784341185012532e-02 8.065631925369690092e-02 9.966397057181917152e-01 -5.578960949653405388e-01
-2.571330702268690982e-01 9.629038390942541437e-01 -8.184587270952713156e-02 3.208792210676097767e+00 -9.662719004568277592e-01 -2.574248276467789309e-01 7.148762301332015241e-03 -1.353105745450575625e+02 -1.418558658157173524e-02 8.092356675769339647e-02 9.966193592070915486e-01 -5.765093365280805626e-01
-2.603808307687414114e-01 9.620970785425357885e-01 -8.106170820727934268e-02 2.681114838866169414e+00 -9.653973129144320930e-01 -2.606920784658634527e-01 6.906568506349541371e-03 -1.372782698060520090e+02 -1.448735343774105490e-02 8.005510982558008970e-02 9.966851547133684930e-01 -5.947138813345165254e-01
-2.645690000270895514e-01 9.610735018354933379e-01 -7.962998508241245221e-02 2.092069079396271292e+00 -9.642613592622818475e-01 -2.648575639435785112e-01 7.108728701871727326e-03 -1.394499350998792124e+02 -1.425859067105291096e-02 7.866488323748457856e-02 9.967991424249847965e-01 -6.156371309603593245e-01
-2.689557862019041901e-01 9.599814199316393237e-01 -7.809241200346815626e-02 1.545917311718518761e+00 -9.630595927295971803e-01 -2.691708019263595597e-01 7.958160917014046876e-03 -1.414313048383820899e+02 -1.338050800173577748e-02 7.734805611853433349e-02 9.969143603033175927e-01 -6.322738005773749226e-01
-2.736772662576736903e-01 9.587138101321519557e-01 -7.725639564714061047e-02 9.316410960466642299e-01 -9.617235243952617640e-01 -2.739121917083721103e-01 7.746344469061767352e-03 -1.436180843252408579e+02 -1.373493875457388116e-02 7.641930757956788556e-02 9.969811645258597199e-01 -6.510775465692314468e-01
-2.780926563783668315e-01 9.574309051998410869e-01 -7.739833842589975699e-02 3.615026865112175303e-01 -9.604529579188325616e-01 -2.783294404246678955e-01 7.929068414947020374e-03 -1.456128124589251058e+02 -1.395069863539212529e-02 7.654249491274824069e-02 9.969687186755623598e-01 -6.693425570185037587e-01
-2.824716173442291534e-01 9.561981002914263783e-01 -7.677854552542349997e-02 -2.199135426412619498e-01 -9.591783062749625888e-01 -2.826771559908247133e-01 8.404407928422497759e-03 -1.476120879747933543e+02 -1.366725951674405831e-02 7.601833804574842368e-02 9.970127480723979252e-01 -6.868176813578629192e-01
-2.873226256834874315e-01 9.547914285098824116e-01 -7.628239367734999943e-02 -8.731303305154174410e-01 -9.577392548846063169e-01 -2.875011189251779342e-01 8.868934052757990877e-03 -1.498179461479521137e+02 -1.346328881874304592e-02 7.560690436178416074e-02 9.970468080159974322e-01 -7.050218068890208301e-01
-2.912763442879858222e-01 9.535923847608266390e-01 -7.628644594928747635e-02 -1.479288022817855541e+00 -9.565253470050888440e-01 -2.915432826278971379e-01 7.861713326949584801e-03 -1.518299232622168802e+02 -1.474392862252224892e-02 7.525986633817015325e-02 9.970549486318487364e-01 -7.224710400435309099e-01
-2.953698742549241696e-01 9.522835442039675469e-01 -7.689379519251772488e-02 -2.097139605083259362e+00 -9.552615286068483202e-01 -2.956575970605246906e-01 7.875838028848523853e-03 -1.538455227526233955e+02 -1.523420156014566006e-02 7.577998574792829678e-02 9.970081817037251826e-01 -7.407779197415420569e-01
-2.995647904221825364e-01 9.508966048035810692e-01 -7.782384140635872916e-02 -2.790594203005249074e+00 -9.539541248554308517e-01 -2.998320259647430652e-01 8.503843092886303329e-03 -1.560684996355375063e+02 -1.524780231763393779e-02 7.678784276852444746e-02 9.969308568192538633e-01 -7.618177226020789172e-01
-3.031171978536869038e-01 9.497841779449318622e-01 -7.765273176206495542e-02 -3.430028812063994792e+00 -9.528440853475369510e-01 -3.033082056006516924e-01 9.607956280604908195e-03 -1.580938886649874178e+02 -1.442722355039353747e-02 7.690329926027782148e-02 9.969341700101561621e-01 -7.812818405598460636e-01
-3.067643516548704263e-01 9.486229207444922817e-01 -7.752518257522798828e-02 -4.079537899486671115e+00 -9.517011118144292903e-01 -3.068026476014542592e-01 1.171155404532855417e-02 -1.601236848736124614e+02 -1.267508006310242609e-02 7.737350611615326224e-02 9.969216039654684725e-01 -8.001859866927810705e-01
-3.104167618322846711e-01 9.473903532418632700e-01 -7.805715702612077422e-02 -4.805909272222567807e+00 -9.505175831549795840e-01 -3.104265319766431053e-01 1.231761250893538898e-02 -1.623635247531638583e+02 -1.256142267132800971e-02 7.801831011522068760e-02 9.968727880338118519e-01 -8.187151485308363785e-01
-3.137292050693432643e-01 9.463366723000142811e-01 -7.759417399661817927e-02 -5.476620938608419031e+00 -9.494377626141230486e-01 -3.136806789670993356e-01 1.313003076307215494e-02 -1.644054929097580100e+02 -1.191436084950680575e-02 7.779012953430013144e-02 9.968985632040250344e-01 -8.334704812322485390e-01
-3.174703789591918346e-01 9.451021372205566928e-01 -7.742400199079975398e-02 -6.224999284948915523e+00 -9.481913923412644829e-01 -3.174240019615091613e-01 1.323319795060431611e-02 -1.666578795883249597e+02 -1.206951021180028942e-02 7.761393708173133787e-02 9.969104299058006990e-01 -8.495012697514068289e-01
-3.213068179133724556e-01 9.437994838447943957e-01 -7.748826053484357546e-02 -6.915350409812173638e+00 -9.468924744893115752e-01 -3.212826917707206631e-01 1.311886801316194777e-02 -1.687114572085282020e+02 -1.251405346204326197e-02 7.758824897863580983e-02 9.969069483399484177e-01 -8.647923825582891633e-01
-3.249702017678718913e-01 9.424307022542723900e-01 -7.885877832366788853e-02 -7.619313632474141507e+00 -9.456333812693598073e-01 -3.249633790247480336e-01 1.327936035012461206e-02 -1.707690066968624478e+02 -1.311133566935348410e-02 7.888690626617320123e-02 9.967973467561361822e-01 -8.799754134318280574e-01
-3.284177785840954322e-01 9.410377465808020814e-01 -8.117690396656515595e-02 -8.406830622465221836e+00 -9.444393531088243199e-01 -3.283778093941939202e-01 1.422509757195608744e-02 -1.730372573090550077e+02 -1.327033766573406520e-02 8.133845460879306211e-02 9.965981916592232537e-01 -8.980744847426787025e-01
-3.310260082165173423e-01 9.400471334339726148e-01 -8.205569059168202339e-02 -9.131789714861387353e+00 -9.435140918429293366e-01 -3.310473747579917303e-01 1.374135749646934572e-02 -1.751059252958919217e+02 -1.424679492558714525e-02 8.196946419686956808e-02 9.965330087236284884e-01 -9.162110386721986632e-01
-3.335451208637552623e-01 9.391437479216355744e-01 -8.219878766741749165e-02 -9.864074837484512415e+00 -9.426123970034722133e-01 -3.336332000582569735e-01 1.306857013590312540e-02 -1.771802414585733061e+02 -1.515097647987620998e-02 8.184057116394793940e-02 9.965302657349739412e-01 -9.356040287776004050e-01
-3.364894534101733337e-01 9.382019577693442303e-01 -8.094381937543548844e-02 -1.067779822433836401e+01 -9.415675298934785831e-01 -3.365720555544258197e-01 1.303336843058646409e-02 -1.794679312629908168e+02 -1.501549372376074880e-02 8.059968002945186449e-02 9.966334472569677860e-01 -9.579477659605979412e-01
-3.395306223994753458e-01 9.372363600438666786e-01 -7.941618031730049432e-02 -1.142582731853812561e+01 -9.405034910012900484e-01 -3.394631556991290489e-01 1.476414161881526958e-02 -1.815510588851323917e+02 -1.312137436137894228e-02 7.970408986414094510e-02 9.967322053700241602e-01 -9.771758401936398997e-01
-3.427988175445952357e-01 9.360944305301081014e-01 -7.884260109482414680e-02 -1.218351299803522458e+01 -9.393337134762550500e-01 -3.426235707284736032e-01 1.616458974318691483e-02 -1.836399760597597890e+02 -1.188174841377773183e-02 7.960073235970348271e-02 9.967560128146650822e-01 -9.948107808155104426e-01
-3.463116757128396617e-01 9.349918705645103856e-01 -7.654014190156281650e-02 -1.302804166896128457e+01 -9.380651176045288198e-01 -3.460158196598568936e-01 1.751907641131250984e-02 -1.859433698431961375e+02 -1.010390296125387652e-02 7.786671456189812879e-02 9.969125776464213828e-01 -1.007428237185052922e+00
