1.000000000000000000e+00 1.654187694112189977e-17 1.228456385796314303e-18 1.757483047981622803e-13 4.761648372558759215e-17 1.000000000000000000e+00 -2.463495558862889752e-18 2.328049975020007878e-10 1.206145789445799423e-18 3.048913160606375138e-18 9.999999999999998890e-01 3.451572361257149169e-12
9.999957527513675393e-01 -1.250044736731364568e-03 2.632843738649341941e-03 1.476730916314076492e+00 1.255862613697144485e-03 9.999967710691832767e-01 -2.209216542100404020e-03 -5.569358792856582419e-03 -2.630074051978916871e-03 2.212513932308556464e-03 9.999940937407499897e-01 1.954438890250398408e-02
9.999896989298969752e-01 -2.856902133969974576e-03 3.527058548054192322e-03 3.091735536824191666e+00 2.867553366005662525e-03 9.999913329219782820e-01 -3.018474372942954453e-03 -5.621801912735591156e-03 -3.518405079498949147e-03 3.028557695770057318e-03 9.999892242906156525e-01 3.955836889465691453e-02
9.999863153386151504e-01 -4.193367021136919399e-03 3.128067533079907040e-03 4.551429255096739901e+00 4.200187196062066079e-03 9.999888097145371857e-01 -2.176890259225570598e-03 -3.267285519977736197e-03 -3.118904557470108738e-03 2.189999218790574832e-03 9.999927381545520300e-01 5.623741564553186301e-02
9.999785755705397072e-01 -5.718383940282258798e-03 3.185668302255788981e-03 6.157908497243959722e+00 5.723439045804072645e-03 9.999823729025540953e-01 -1.579909549724042980e-03 7.527684350071728314e-03 -3.176578163835825329e-03 1.598108884018737980e-03 9.999936776885832712e-01 6.835248629039747392e-02
9.999694290371805572e-01 -6.936037804593099543e-03 3.610037005309605588e-03 7.616270123411725379e+00 6.942155570814448860e-03 9.999744835957725675e-01 -1.684819643063691650e-03 1.890284685302184853e-02 -3.598259537089751065e-03 1.709829793936965166e-03 9.999920644835124106e-01 7.770337167959717739e-02
9.999567448683889248e-01 -8.489005031077362026e-03 3.800681700244573462e-03 9.068955741785279301e+00 8.495760512436563439e-03 9.999623531323705850e-01 -1.764753507694039568e-03 3.199837258760707126e-02 -3.785558272914198684e-03 1.796967084654555727e-03 9.999912202007648077e-01 8.846069118597976733e-02
9.999423010997005035e-01 -1.032885814645485498e-02 2.951127993208603906e-03 1.066115013700481207e+01 1.033964201429183813e-02 9.999398373536690920e-01 -3.662436441547017515e-03 4.600069434744630259e-02 -2.913122184233941665e-03 3.692739202709182343e-03 9.999889386569034144e-01 9.932208691358745956e-02
9.999271989533325966e-01 -1.162332454254580427e-02 3.239616383754941303e-03 1.210494970123656699e+01 1.163882335291344799e-02 9.999207123712865464e-01 -4.806944423466304184e-03 6.270005338834772068e-02 -3.183487422799960009e-03 4.844300415862361209e-03 9.999831989659053733e-01 1.032887893466124529e-01
9.999117738843638081e-01 -1.285161166590770287e-02 3.358648287302870399e-03 1.354357092916563587e+01 1.286789347722836797e-02 9.999053369782030520e-01 -4.871791557144914721e-03 8.198554306139615999e-02 -3.295720574273817115e-03 4.914581095484405436e-03 9.999824924328605258e-01 1.091417738646747182e-01
9.998964681120044995e-01 -1.407604679437164143e-02 2.986294778472382491e-03 1.512219437515586051e+01 1.408881923981306419e-02 9.998915024768105786e-01 -4.299814813968231252e-03 1.097878307638370243e-01 -2.925446924117087056e-03 4.341443569221783809e-03 9.999862967435936278e-01 1.182649746623710696e-01
9.998876605732697209e-01 -1.455662178597125211e-02 3.573651778501556794e-03 1.655450557147501200e+01 1.456650091944844752e-02 9.998901102151170894e-01 -2.754001163764016082e-03 1.397014968325642204e-01 -3.533170764215020233e-03 2.805747742129315828e-03 9.999898222056926578e-01 1.318123605448372482e-01
9.998785131905150170e-01 -1.500026594087929335e-02 4.236846913448400094e-03 1.798369526903539750e+01 1.500554832981521383e-02 9.998866690365164622e-01 -1.217619071838007194e-03 1.734052493861432120e-01 -4.218102897975471374e-03 1.281047522566758964e-03 9.999902832234044414e-01 1.441715430887348104e-01
9.998650358798548687e-01 -1.562672413195671794e-02 5.071045844708744511e-03 1.955055568381648357e+01 1.562766864138864092e-02 9.998778697897349188e-01 -1.465700133148164813e-04 2.090314137632034996e-01 -5.068137009282051159e-03 2.257988850044917917e-04 9.999871314216238760e-01 1.582143689332725645e-01
9.998573665381823572e-01 -1.604680205332001050e-02 5.267514638274850558e-03 2.096868017788654015e+01 1.604785806115718513e-02 9.998712123286194187e-01 -1.581569945883488622e-04 2.411437295641820633e-01 -5.264299268962448729e-03 2.426667948003232637e-04 9.999861140402263038e-01 1.651901383152920566e-01
9.998482837291158276e-01 -1.656636516043237528e-02 5.381919342251653866e-03 2.252036064272873261e+01 1.656477204213852028e-02 9.998627367550855238e-01 3.405682862177228853e-04 2.726705570568430104e-01 -5.386823539204319000e-03 -2.513663811736458072e-04 9.999854593691205329e-01 1.698566826512062367e-01
9.998443893302817465e-01 -1.661512806199216125e-02 5.927447136380305237e-03 2.392496021867167499e+01 1.660951273277373741e-02 9.998615570377361594e-01 9.954206146961328688e-04 3.021297406643183026e-01 -5.943166612773108891e-03 -8.968138222944249281e-04 9.999819370833256116e-01 1.730888394554453980e-01
9.998369770085574482e-01 -1.660961200018820291e-02 7.080972970744622320e-03 2.532460770819740148e+01 1.659646403506342613e-02 9.998604418088196111e-01 1.911625867992451915e-03 3.325534081991827207e-01 -7.111737365612043164e-03 -1.793795344908667103e-03 9.999731023788736017e-01 1.781671072717601056e-01
9.998443662042614255e-01 -1.653870290921185746e-02 6.141226311537967796e-03 2.685438379620531180e+01 1.652508591439392702e-02 9.998608937548902897e-01 2.261571234572473839e-03 3.647740575948515973e-01 -6.177776569773292190e-03 -2.159735241228899569e-03 9.999785850737787918e-01 1.817212197460424949e-01
9.998583275212089561e-01 -1.644988016630900482e-02 3.567396623985569833e-03 2.823513003611741823e+01 1.644047158091628547e-02 9.998613318807908490e-01 2.651025564502451290e-03 3.940338749491234527e-01 -3.610511661072823061e-03 -2.592000635732202244e-03 9.999901228091236938e-01 1.906784053809741364e-01
9.998637998496906487e-01 -1.614672897111927088e-02 3.415389269598249553e-03 2.961132312728882354e+01 1.614311266820794843e-02 9.998691039506490963e-01 1.083926210988516835e-03 4.211203056036750825e-01 -3.432444709461268152e-03 -1.028643697626498762e-03 9.999935800831647459e-01 2.025173147636442073e-01
9.998538948632109680e-01 -1.587624433276604158e-02 6.335122568267017099e-03 3.111842336267031328e+01 1.587621322483726005e-02 9.998739634591794490e-01 5.529470676451760715e-05 4.503949533505373637e-01 -6.335203092541974272e-03 4.529113497825908321e-05 9.999799313775523668e-01 2.163199488260953984e-01
9.998451376229653409e-01 -1.570216465531453290e-02 7.946243020581023400e-03 3.247903928262014972e+01 1.571508255700307041e-02 9.998752844995376643e-01 -1.565764389331887347e-03 4.750066287196432202e-01 -7.920667476754456385e-03 1.690397993211167123e-03 9.999672022667183136e-01 2.254764457038721526e-01
9.998560430520989639e-01 -1.541294813991627398e-02 7.094658955362692816e-03 3.395894020583421025e+01 1.543146801742534095e-02 9.998776428772658820e-01 -2.563015663903933216e-03 5.032374840564194374e-01 -7.054288469639260345e-03 2.672128045163651208e-03 9.999715479861295275e-01 2.295973373408051188e-01
9.998724901569863155e-01 -1.500643826492693324e-02 5.459874157585466355e-03 3.529266918455875413e+01 1.502005978706586614e-02 9.998841606070922872e-01 -2.462346844210610512e-03 5.321513737819447698e-01 -5.422291589536339107e-03 2.544040832979137939e-03 9.999820631597707843e-01 2.358298549723175652e-01
9.998869220309672956e-01 -1.440242056637436492e-02 4.325901504884758185e-03 3.661340229664386214e+01 1.440984513214917974e-02 9.998947446780144244e-01 -1.689945854753934938e-03 5.637215088835476617e-01 -4.301107640737227358e-03 1.752090554377113210e-03 9.999892152782211552e-01 2.436976630381825215e-01
9.999023648396266895e-01 -1.344379930799575150e-02 3.811173111673549479e-03 3.805017467239074591e+01 1.344753016797242511e-02 9.999091219474377512e-01 -9.548684856364929264e-04 5.945426869629488742e-01 -3.797990383705695475e-03 1.006026251274682410e-03 9.999922815666575371e-01 2.556568390816873482e-01
9.999137446489583247e-01 -1.234860594349279986e-02 4.473833415187268223e-03 3.934080225091073402e+01 1.235057382991783768e-02 9.999236437092479113e-01 -4.124039767511499476e-04 6.222945675947565425e-01 -4.468399983553614056e-03 4.676228746585334834e-04 9.999899073183741161e-01 2.670384034909416560e-01
9.999187898515828898e-01 -1.083212105930484413e-02 6.714078033054239093e-03 4.061573887173829434e+01 1.083055267740756430e-02 9.999413114022307481e-01 2.699728777687567102e-04 6.466141229320672146e-01 -6.716609518116139523e-03 -1.972338024206678620e-04 9.999774238757650480e-01 2.783734485337876485e-01
9.999274024984006193e-01 -9.058690702442556697e-03 7.945429019422889025e-03 4.199744180313847863e+01 9.061642801311468529e-03 9.999588861618291524e-01 -3.355803805094033734e-04 6.696044165210678356e-01 -7.942063770058122377e-03 4.075547102836512528e-04 9.999683782685483413e-01 2.887237863952744066e-01
9.999407381870455414e-01 -6.878074916402422342e-03 8.438731295511849029e-03 4.323398271068346332e+01 6.878216941078033574e-03 9.999763447118171777e-01 1.222555516876150157e-05 6.873779852914557731e-01 -8.438617169706076268e-03 4.581859998320194282e-05 9.999643931928138274e-01 2.969062698806194112e-01
9.999607878104707082e-01 -3.260112432719735817e-03 8.233741349050706024e-03 4.457356945946778382e+01 3.260350786624102628e-03 9.999946849219297773e-01 -1.550721885341252372e-05 7.028091810646839299e-01 -8.233648386091425853e-03 4.235150152405799568e-05 9.999661020517420784e-01 3.049300264432241447e-01
9.999808023647496213e-01 3.244330186267120456e-04 6.187862194573842851e-03 4.577148970327792910e+01 -3.195324031812148981e-04 9.999996345676274156e-01 -7.929412146575434998e-04 7.110082829825262740e-01 -6.188118194574775827e-03 7.909488710929059004e-04 9.999805406144696152e-01 3.123455161133681934e-01
9.999790039611932135e-01 4.460251583717262172e-03 4.700828406369315579e-03 4.719327554245225542e+01 -4.455572327362343488e-03 9.999895684222902537e-01 -1.005441677576014107e-03 7.157534290755367401e-01 -4.705264635453648703e-03 9.844758127285529233e-04 9.999884455861669519e-01 3.210917247221586890e-01
9.999542817147849538e-01 8.009003613369491265e-03 5.224015111885755257e-03 4.825158764476658746e+01 -8.005907361708603648e-03 9.999677640809516710e-01 -6.133867411074079169e-04 7.207214698474264658e-01 -5.228760138447874524e-03 5.715357908673490087e-04 9.999861666166779406e-01 3.239846852323205462e-01
9.998999998449256132e-01 1.310713319264885345e-02 5.309741790889270507e-03 4.941760744516276560e+01 -1.310637564878433178e-02 9.999140920141526001e-01 -1.775234741179550343e-04 7.201250669391974224e-01 -5.311613264570618637e-03 1.079142661118228280e-04 9.999858874629297123e-01 3.287175945381970443e-01
9.998021011330067154e-01 1.941559494896019644e-02 4.335115337493478105e-03 5.057290830161340267e+01 -1.942121846196445331e-02 9.998105980027365280e-01 1.258738433835052866e-03 7.158996659638454663e-01 -4.309855707245332200e-03 -1.342682723069441985e-03 9.999898111166531933e-01 3.314001310939703182e-01
9.996182036891925193e-01 2.730840303114656989e-02 4.206892684507432777e-03 5.183057987953629464e+01 -2.732087381564126533e-02 9.996224043537909054e-01 2.935749457811344908e-03 7.032067784247117981e-01 -4.125134086370675288e-03 -3.049564971121440475e-03 9.999868416115760272e-01 3.348687078764329694e-01
9.993585812805735324e-01 3.536157089646762425e-02 5.655552457065561069e-03 5.296554947367839361e+01 -3.538414391359490790e-02 9.993660102543104884e-01 3.942079703108965390e-03 6.786595496208249756e-01 -5.512569485234823825e-03 -4.139668586857468864e-03 9.999762370617502061e-01 3.370200389742608049e-01
9.989094225396266680e-01 4.625754760525538356e-02 6.340722950709009806e-03 5.419812664610241626e+01 -4.629794212902435535e-02 9.989073083204447201e-01 6.378877341709482569e-03 6.418092750376601652e-01 -6.038724025985115623e-03 -6.665483952225665330e-03 9.999595517228989650e-01 3.388033863671948698e-01
9.982528957558829408e-01 5.869706815676353079e-02 6.768321404833163406e-03 5.530351599828743758e+01 -5.875478207470969522e-02 9.982348063363251089e-01 8.668748728733677994e-03 5.983604478104320723e-01 -6.247544596823281608e-03 -9.051275918066590750e-03 9.999395194302665990e-01 3.369494345476513608e-01
9.973159920439338411e-01 7.281791849116953097e-02 7.639539473626150330e-03 5.639517866974637883e+01 -7.289769138603004184e-02 9.972815753249110182e-01 1.074180580446837743e-02 5.391964657799739324e-01 -6.836576772249205146e-03 -1.126988092988885810e-02 9.999131216834000746e-01 3.377469246529102853e-01
9.958947372569969536e-01 9.003355473394919484e-02 9.361144585109289207e-03 5.758208345393506278e+01 -9.015326250173612277e-02 9.958395511521509480e-01 1.326567079879126775e-02 4.568154376089960667e-01 -8.127843399251398482e-03 -1.405515123555280306e-02 9.998681867040773996e-01 3.370873309125445583e-01
9.942026207002877536e-01 1.069420505301051094e-01 1.116003598780539695e-02 5.864832083929984918e+01 -1.070897432341852973e-01 9.941563314226838921e-01 1.360059212837959330e-02 3.597764375058407071e-01 -9.640346263073702737e-03 -1.471687157715771341e-02 9.998452266789801257e-01 3.369885580130340674e-01
9.920684257782655946e-01 1.252169587295046960e-01 1.099778413212413805e-02 5.970046100432116276e+01 -1.253597070723347640e-01 9.920205716440789745e-01 1.342124977619271048e-02 2.439913470464801781e-01 -9.229460902629334218e-03 -1.469347897220428002e-02 9.998494479789589162e-01 3.365401806134922791e-01
9.891402127811421696e-01 1.466393327136705504e-01 9.926973166783247329e-03 6.084144472033032969e+01 -1.467586566480101884e-01 9.890920745590908725e-01 1.260022260398933544e-02 9.458474695141261268e-02 -7.971002818915742111e-03 -1.392025783750649483e-02 9.998713364396971670e-01 3.344095663063585966e-01
9.859685577277736979e-01 1.666741313596049323e-01 9.259380466901294751e-03 6.186490076413930694e+01 -1.667664749273201075e-01 9.859426311966347223e-01 1.029912128820907949e-02 -6.413323027632827911e-02 -7.412621226725347144e-03 -1.169876542559137970e-02 9.999040913233794292e-01 3.343392375658299498e-01
9.817723964649671675e-01 1.897446239749836505e-01 1.095161828373339766e-02 6.297333259098751057e+01 -1.898053904735338693e-01 9.818100239737694857e-01 4.794985474253487048e-03 -2.717456401124501708e-01 -9.842586556013045024e-03 -6.786261337285943128e-03 9.999285324972284617e-01 3.365222962214456937e-01
9.772397679942401716e-01 2.117974744494127426e-01 1.201099869803194838e-02 6.396484717482252336e+01 -2.118082293206129396e-01 9.773111723475477186e-01 -3.846710539568411690e-04 -4.830087949946825221e-01 -1.181995645162185402e-02 -2.168112673512479546e-03 9.999277913527131467e-01 3.363597244936524788e-01
9.720427617248540431e-01 2.345605765281977284e-01 1.068659859017798315e-02 6.493753228778135167e+01 -2.345167715649267293e-01 9.720981606001488640e-01 -5.201143291113406904e-03 -7.198277594679328706e-01 -1.160840673050722062e-02 2.549547560303088312e-03 9.999293698802451669e-01 3.305630203883854756e-01
9.653309517412222984e-01 2.609376270089603933e-01 6.906956060582194329e-03 6.598476613241663813e+01 -2.608468324920903969e-01 9.653078566112537340e-01 -1.181838397583827999e-02 -1.005079541084567651e+00 -9.751200317539168369e-03 9.606995650194986511e-03 9.999063055356086638e-01 3.235094574444811188e-01
9.582529800224859340e-01 2.858612112155668461e-01 5.881440915409867631e-03 6.692068507603922001e+01 -2.857440602917257766e-01 9.581799644571169505e-01 -1.553996151661620091e-02 -1.288539715524275930e+00 -1.007775129629805144e-02 1.321062953157090339e-02 9.998619496542314744e-01 3.136443839419233437e-01
9.492384161448511604e-01 3.144671459571514727e-01 7.539229426037652795e-03 6.793294351784280138e+01 -3.142910575690547326e-01 9.491481811298619897e-01 -1.840827616490495547e-02 -1.619219832030896811e+00 -1.294464451749987796e-02 1.510433271534161737e-02 9.998021281824800433e-01 3.098698246956050339e-01
9.400118801112757883e-01 3.410193434184838335e-01 9.136115874274272977e-03 6.883560312972528550e+01 -3.407559143366509224e-01 9.398853407444991426e-01 -2.238206618619980812e-02 -1.949978807678942827e+00 -1.621961985201523723e-02 1.792622519994936658e-02 9.997077446154879476e-01 3.031053759439170103e-01
9.297386467691338696e-01 3.681500883077093444e-01 7.180282963062237234e-03 6.971482009275541714e+01 -3.678625258669994125e-01 9.295183148015900843e-01 -2.593971694886850268e-02 -2.301572525148995130e+00 -1.622391442742942766e-02 2.147580341417184430e-02 9.996377217690614048e-01 2.953453216254660063e-01
9.170862786295719271e-01 3.986796599742020719e-01 2.698282905077012232e-03 7.065923506285133726e+01 -3.984921811176831419e-01 9.168255285654052233e-01 -2.519795614866162173e-02 -2.708171741485633000e+00 -1.251976730890290261e-02 2.203345843620574743e-02 9.996788396491244066e-01 2.850692709849297346e-01
9.045624619842026481e-01 4.263205156747263413e-01 -4.190933084792412659e-03 7.149477801239920893e+01 -4.262763886927931622e-01 9.042101026123223750e-01 -2.631609382608064707e-02 -3.101598257848080298e+00 -7.429605759937470306e-03 2.559105020276577699e-02 9.996448866743352646e-01 2.769341590615799209e-01
8.911046126749823104e-01 4.537031017123309140e-01 -9.276719791077074617e-03 7.231406341238903224e+01 -4.537751198278493492e-01 8.906685485525186463e-01 -2.824330143286850336e-02 -3.519497095129498376e+00 -4.551589411645651576e-03 2.937728513163478591e-02 9.995580316103526153e-01 2.716407444387275438e-01
8.746773041438271612e-01 4.846526403830591079e-01 -7.171021792565126021e-03 7.320249333328797547e+01 -4.846390993692466509e-01 8.742161333321770700e-01 -2.951446095864328212e-02 -4.006811122191656693e+00 -8.035237404576112824e-03 2.929099107189851031e-02 9.995386301751267855e-01 2.674402919798533063e-01
8.577243100047551305e-01 5.141089676154518839e-01 -9.839858150946364720e-04 7.399563829650146829e+01 -5.139218881936535865e-01 8.573572603137048498e-01 -2.868501137622456523e-02 -4.469769482430382190e+00 -1.390359392695879499e-02 2.510952737212938241e-02 9.995880161708690093e-01 2.655085894369375588e-01
8.370099905667436335e-01 5.471741457178715962e-01 3.836605063787721943e-03 7.484118455683864113e+01 -5.468640046144405131e-01 8.367355191524095126e-01 -2.852089623354272380e-02 -5.007645040370770850e+00 -1.881612112291903768e-02 2.177417748842442116e-02 9.995858337908720692e-01 2.615463885836721847e-01
8.166372596311709531e-01 5.771506502604043520e-01 8.375512010346944976e-04 7.557897760792737074e+01 -5.769789696213409869e-01 8.164280509924427554e-01 -2.324903226760517000e-02 -5.514521660541240600e+00 -1.410199383196722098e-02 1.850277986456004553e-02 9.997293539590168532e-01 2.526669986247225275e-01
7.955099543830643771e-01 6.059289236237708209e-01 -3.746890601003318843e-03 7.629121233936008650e+01 -6.058995313134643013e-01 7.953689911004427904e-01 -1.655108947102523764e-02 -6.043361850948939740e+00 -7.048621387233130683e-03 1.543679869541892020e-02 9.998560008192702853e-01 2.417066499786462153e-01
7.717099199886887639e-01 6.359503673109441202e-01 -5.560179443607176329e-03 7.704996574579631385e+01 -6.359589710072685032e-01 7.715998668940030614e-01 -1.377848133205548768e-02 -6.656630064143239878e+00 -4.472194134767106845e-03 1.416903968645867075e-02 9.998896128890337742e-01 2.341858135948701181e-01
7.493928196180836832e-01 6.621126013219813533e-01 -4.158099946880369421e-03 7.771625977442991484e+01 -6.620791048115398647e-01 7.492508433245708144e-01 -1.656646732664206548e-02 -7.243405672389764405e+00 -7.853404895253315518e-03 1.516778595333985805e-02 9.998541206050206576e-01 2.322640214303599571e-01
7.259469751285587691e-01 6.877462953108541832e-01 -2.450738740817124707e-03 7.835733093706048180e+01 -6.876805962658872895e-01 7.258175123409568164e-01 -1.686275740225514144e-02 -7.846043579664091716e+00 -9.818508040208681967e-03 1.392679636682954587e-02 9.998548101708113478e-01 2.344608343886408486e-01
6.991091065631298562e-01 7.149900614892579220e-01 -5.970868436245462332e-03 7.902889417350587564e+01 -7.149815515410791189e-01 6.989712171806653496e-01 -1.551245126115729372e-02 -8.526939960036807875e+00 -6.917780900946047910e-03 1.511396016559431177e-02 9.998618468080912036e-01 2.318090542107953400e-01
6.739214264645311259e-01 7.387569389529372588e-01 -8.250882273118891400e-03 7.961331335470131876e+01 -7.387911983913828529e-01 6.738053723946099138e-01 -1.318727318825948895e-02 -9.164442208479512075e+00 -4.182697807597558250e-03 1.498286871412734915e-02 9.998790021118569848e-01 2.274351540161615448e-01
6.453156323826132468e-01 7.638814561244101631e-01 -7.268785956818510537e-03 8.023436518839453413e+01 -7.639079236348916835e-01 6.452356113698454187e-01 -1.075686872544725711e-02 -9.888405185163895439e+00 -3.526889800917735410e-03 1.249426210893866789e-02 9.999157237530135189e-01 2.256993140867022962e-01
6.185014601462252015e-01 7.857416464875015549e-01 -8.123253413952325960e-03 8.077356893665150039e+01 -7.857791051165601282e-01 6.184296116834661072e-01 -9.799731479253464064e-03 -1.057020166091105118e+01 -2.676393253893662172e-03 1.244423453134749918e-02 9.999189857635172318e-01 2.274548094257446973e-01
5.909259454378076315e-01 8.066530213553959605e-01 -1.083547119675322412e-02 8.128886841511109651e+01 -8.067198724248172415e-01 5.909198618570699058e-01 -4.097179585488785331e-03 -1.126751530362954767e+01 3.097897332404499389e-03 1.116232313821593700e-02 9.999329005998442987e-01 2.297895070895143999e-01
5.590454095180483751e-01 8.290013279503101185e-01 -1.500014412062254492e-02 8.184721276831292869e+01 -8.290361085367771166e-01 5.591681581810117319e-01 5.488671799456139831e-03 -1.205205591852053360e+01 1.293772536206853722e-02 9.367247739070338336e-03 9.998724268938320447e-01 2.519807461252616676e-01
5.293415327767283518e-01 8.482087272107564635e-01 -1.842475417616767572e-02 8.233894451777987911e+01 -8.481430552108127907e-01 5.295944561098860914e-01 1.353125955247961795e-02 -1.278534710026337784e+01 2.123498774388571375e-02 8.464173060384258540e-03 9.997386824739888933e-01 2.845508652821243656e-01
4.988425954246765714e-01 8.665157095208478877e-01 -1.750896549719676773e-02 8.281353606722697691e+01 -8.663382134401632628e-01 4.991145215525239487e-01 1.851541028272074563e-02 -1.354144012692427701e+01 2.478288111591695625e-02 5.932413827831438044e-03 9.996752549859909687e-01 3.265936023396383558e-01
4.646874965801295332e-01 8.853823629009393015e-01 -1.278962991657167821e-02 8.329672811401889021e+01 -8.852078692387657100e-01 4.648535789386253336e-01 1.783831919386005480e-02 -1.440092718717621523e+01 2.173904633615951834e-02 3.032240217457299845e-03 9.997590807241263366e-01 3.669075487661545565e-01
4.331379711413135269e-01 9.013081395869065870e-01 -5.925134054961605015e-03 8.371433079439358949e+01 -9.011663987730575975e-01 4.331754671055213501e-01 1.606750279843567261e-02 -1.520067023731447087e+01 1.704840098041774180e-02 -1.619911222311825553e-03 9.998533532184528116e-01 4.077366499036084169e-01
3.969390443582226369e-01 9.178448980729251305e-01 -3.300075081796483728e-04 8.413201584642092712e+01 -9.177111409566748312e-01 3.968872738416050483e-01 1.693466522612295175e-02 -1.609714669815919663e+01 1.567437892960396942e-02 -6.419176076120051630e-03 9.998565437123766442e-01 4.412286987147409079e-01
3.632655106798832745e-01 9.316625494626820103e-01 6.559924720868452568e-03 8.448739757637243031e+01 -9.315504238978307150e-01 3.630838046022237808e-01 1.959562978322832230e-02 -1.692780549577596716e+01 1.587471914798770437e-02 -1.322931563069886483e-02 9.997864664174532789e-01 4.715558485709454017e-01
3.289047982326033792e-01 9.442803629748198757e-01 1.249795797709913128e-02 8.480862254672481981e+01 -9.442227600763428708e-01 3.285989706584796499e-01 2.158996945787825320e-02 -1.777539480889284818e+01 1.628017536898047207e-02 -1.890189999634835777e-02 9.996887885574232691e-01 4.955770923084602542e-01
2.907859847325052760e-01 9.566355092722214071e-01 1.708747638444144470e-02 8.512483332087859367e+01 -9.566761075659785396e-01 2.904322732944210061e-01 2.049272060511804494e-02 -1.872844332566313597e+01 1.464131669462157698e-02 -2.230617565476052805e-02 9.996439697463228580e-01 5.227382434992446925e-01
2.559015645281607632e-01 9.665164370132584004e-01 1.898246494871643625e-02 8.537445031329998812e+01 -9.665953177195790724e-01 2.555308689864676519e-01 1.993738111884537159e-02 -1.961048297787258576e+01 1.441920790382094503e-02 -2.345036805086523485e-02 9.996210114604139330e-01 5.533476908687545714e-01
2.213361829893362442e-01 9.750013823201558738e-01 1.955928756709382835e-02 8.559364979891577718e+01 -9.750950654742782664e-01 2.209775807148613158e-01 1.893555073400658359e-02 -2.050699136498305819e+01 1.414003119444528014e-02 -2.326328640969462652e-02 9.996293707640473425e-01 5.981771793896381029e-01
1.838417171607576173e-01 9.827811618621623557e-01 1.853044929456355849e-02 8.579529255978557956e+01 -9.828561301878950829e-01 1.835218360182086783e-01 1.770865743180912930e-02 -2.150689875234254700e+01 1.400299996479889043e-02 -2.146835435626272270e-02 9.996714588458294193e-01 6.445692228745957264e-01
1.503478336791525261e-01 9.885566717968908845e-01 1.229641269874576746e-02 8.593721476081276478e+01 -9.885388295660069158e-01 1.501500264276023344e-01 1.568393699674226066e-02 -2.242471678725018691e+01 1.365816095280591828e-02 -1.451352499311752732e-02 9.998013863486014952e-01 6.801318741173177918e-01
1.146747192991952741e-01 9.933623869251926308e-01 8.991265812573607380e-03 8.606020414564649457e+01 -9.932434692294814793e-01 1.144893370174765584e-01 1.896409029859372208e-02 -2.343777493884723384e+01 1.780881772642826932e-02 -1.110521479278529615e-02 9.997797358278701640e-01 7.212890603898426400e-01
8.322891362347992206e-02 9.964904123511597600e-01 8.931499427837464103e-03 8.614621107079189244e+01 -9.962539684968204634e-01 8.299136127637050941e-02 2.430017612296353838e-02 -2.436200732814534220e+01 2.347366394788584151e-02 -1.092051584311707658e-02 9.996648085383664784e-01 7.529774856583518750e-01
5.462048817452422322e-02 9.985023437462910989e-01 3.104396198900329952e-03 8.619820224427776623e+01 -9.981295331822660488e-01 5.451406217118461711e-02 2.767104020131933018e-02 -2.528975837336069077e+01 2.746037462264276294e-02 -4.609991138723110171e-03 9.996122627726166110e-01 8.007000347411820096e-01
2.737148389725491127e-02 9.996246759199683973e-01 1.128955044956431002e-03 8.622857704951638880e+01 -9.992651066013307215e-01 2.733128514850708540e-02 2.687530660922152204e-02 -2.632281960140413446e+01 2.683437314516247396e-02 -1.863737805084488084e-03 9.996381560328672089e-01 8.452389391997203738e-01
5.636331295672789704e-03 9.999835624694115577e-01 1.035333576431230482e-03 8.623940903093119914e+01 -9.997217252750323357e-01 5.611132147254036667e-03 2.291335377967027020e-02 -2.726958984015761089e+01 2.290717638793395711e-02 -1.164187924203674215e-03 9.997369183985416186e-01 8.899386600652137158e-01
-1.290313309930321561e-02 9.999158321732014576e-01 1.342792044996433216e-03 8.623001469605128477e+01 -9.997268784854480561e-01 -1.292684115656187425e-02 1.947048527004738641e-02 -2.822008316938670447e+01 1.948621262486504094e-02 -1.091190136990845229e-03 9.998095302964200570e-01 9.268039677204903404e-01
-3.047248820684849910e-02 9.995355762790055776e-01 -1.568241240942534157e-04 8.620208023092693850e+01 -9.992830491167107310e-01 -3.046126053197381958e-02 2.248408074480631388e-02 -2.926107211421341248e+01 2.246887010990999620e-02 8.418628075556349637e-04 9.997471886592862456e-01 9.863188413941350596e-01
-4.485903106433886817e-02 9.989911734925756015e-01 -2.065917334745605814e-03 8.615805711915282927e+01 -9.986069597059326064e-01 -4.478407348009841304e-02 2.790271013459237615e-02 -3.020830637999310042e+01 2.778205037354346263e-02 3.314733589021223118e-03 9.996085085553673144e-01 1.035142937779761851e+00
-5.668399838942900920e-02 9.983763509347057807e-01 -5.617083214673915942e-03 8.610112082184592452e+01 -9.979024990653919680e-01 -5.647910955594739185e-02 3.163458396508583848e-02 -3.116007056926441976e+01 3.126598263298455832e-02 7.398482283261381860e-03 9.994837172396134894e-01 1.083162061948461430e+00
-6.661791814794731925e-02 9.977145428877430833e-01 -1.130085262642064638e-02 8.602381349986721659e+01 -9.971711531415687890e-01 -6.617794886461106363e-02 3.563993118160383583e-02 -3.221005506530663354e+01 3.481062096125648458e-02 1.364314930867936357e-02 9.993007983079181811e-01 1.143828025621205224e+00
-7.244276905293871305e-02 9.972714388141245001e-01 -1.420168674431698114e-02 8.594668966612125871e+01 -9.965968413823461658e-01 -7.181759180523025754e-02 4.045989903438486357e-02 -3.316652010927165151e+01 3.932958207561083191e-02 1.708439078576967640e-02 9.990802310227934191e-01 1.195422904253245822e+00
-7.621891120080755144e-02 9.969710959823941954e-01 -1.546857208920793432e-02 8.586983642099889380e+01 -9.961029867596122855e-01 -7.544371191122915821e-02 4.568501045545201450e-02 -3.412462563467908438e+01 4.437964055893982296e-02 1.889036037408001537e-02 9.988361238655051322e-01 1.253337523641036455e+00
-7.934255890947601586e-02 9.966958946479047565e-01 -1.737864492776509950e-02 8.577985383787319051e+01 -9.956917816644087482e-01 -7.839931540181004077e-02 4.951219314205144995e-02 -3.518360911963975468e+01 4.798613847064642918e-02 2.123220610522909974e-02 9.986223132784051160e-01 1.313535492233687263e+00
-8.205156591103170138e-02 9.964765031250931715e-01 -1.738058193562749473e-02 8.569821393891682249e+01 -9.953048634736346711e-01 -8.103179396752467623e-02 5.293496987514630797e-02 -3.614867242068073239e+01 5.134008717916073439e-02 2.164238303777017702e-02 9.984466953243160692e-01 1.374962841980168715e+00
-8.466076236512329323e-02 9.962481706149016736e-01 -1.794723507303619750e-02 8.560505958821424599e+01 -9.949454855885472293e-01 -8.354646790862062244e-02 5.570908600417282669e-02 -3.721283462284152677e+01 5.400066058941670188e-02 2.257290247459891805e-02 9.982857273790781694e-01 1.440687051527980600e+00
-8.665925686496253610e-02 9.960656057784101902e-01 -1.853233857542285409e-02 8.551714764650449752e+01 -9.945570798251007760e-01 -8.541789087430369520e-02 5.966600921170619326e-02 -3.818105560451470382e+01 5.784828062972884044e-02 2.360208896196407113e-02 9.980463509625924212e-01 1.503961887076394444e+00
-8.883022712897215012e-02 9.958263789930661414e-01 -2.095182606273248566e-02 8.541837155328281028e+01 -9.942818104900847942e-01 -8.740151346130989318e-02 6.135707369329404526e-02 -3.915571006394944220e+01 5.926978573753596824e-02 2.628239110257857628e-02 9.978959511552277784e-01 1.578773179325655640e+00
-9.097023808281963497e-02 9.956285764201830979e-01 -2.116882081208320762e-02 8.531024492424214145e+01 -9.941506015075854963e-01 -8.955151303001904206e-02 6.037500940480152595e-02 -4.023398614984348143e+01 5.821539908364512655e-02 2.653733372664790133e-02 9.979512704174613447e-01 1.664803054088759726e+00
-9.325931456059037561e-02 9.954408407628444477e-01 -2.000495432302405729e-02 8.521243649218649807e+01 -9.940085253860585501e-01 -9.193710088442363926e-02 5.911560432010116994e-02 -4.121663890701361055e+01 5.700690351692582619e-02 2.539818455563177396e-02 9.980506730777476410e-01 1.738279820336813497e+00
-9.522852094144117208e-02 9.952481153807347658e-01 -2.031460182464122494e-02 8.511103749856734169e+01 -9.937399077523552116e-01 -9.384702768977730425e-02 6.061158984387791243e-02 -4.219949954876035747e+01 5.841711994445678013e-02 2.595939134656002206e-02 9.979546838369728334e-01 1.806451840248522789e+00
-9.781632512345313224e-02 9.950295279052655539e-01 -1.865932997383015074e-02 8.499934916656306427e+01 -9.933639909774134580e-01 -9.647850911221386716e-02 6.260920329409336293e-02 -4.328399796804302468e+01 6.049779637794156645e-02 2.465971727357140278e-02 9.978636760049369725e-01 1.883216519977006342e+00
-1.003048276395731853e-01 9.948125167624661813e-01 -1.693999841214485075e-02 8.489156378086609323e+01 -9.929590007742410407e-01 -9.901052328491660726e-02 6.503362681649800525e-02 -4.427674492538731243e+01 6.301904298695211459e-02 2.334391906506096126e-02 9.977392758660819094e-01 1.956421920279071802e+00
-1.029019464420831698e-01 9.945928490616648965e-01 -1.400783974133171239e-02 8.477007641200410148e+01 -9.924438726313634662e-01 -1.017130660091913885e-01 6.862685577639734968e-02 -4.537223047698808642e+01 6.683101542472391632e-02 2.096383990524172333e-02 9.975440510468994715e-01 2.039604954279268689e+00
-1.048701530785312031e-01 9.944334800139578157e-01 -1.021129005394828294e-02 8.466020607308772128e+01 -9.919238030742418832e-01 -1.038578785860362480e-01 7.280620363309396603e-02 -4.636943488572953243e+01 7.134041999801661593e-02 1.776402713180030846e-02 9.972938307507445144e-01 2.115421042444742383e+00
-1.071574352005475878e-01 9.942133094563015971e-01 -7.559434791261844533e-03 8.454597097979122111e+01 -9.914726866149736750e-01 -1.062887707246489011e-01 7.539656601407546122e-02 -4.737243001714801949e+01 7.415680331824463234e-02 1.557428323665857421e-02 9.971249727580416833e-01 2.194728758602781493e+00
-1.098362575771783117e-01 9.939341898537500386e-01 -5.548736614233128195e-03 8.441856559898512558e+01 -9.912901299137816258e-01 -1.091325421875073143e-01 7.371566890692458907e-02 -4.848316669898501630e+01 7.266299260914189928e-02 1.359706827636321738e-02 9.972638618998400650e-01 2.281285265598964607e+00
-1.124890773552406631e-01 9.936497357361050442e-01 -2.525057973080756420e-03 8.429915999754572908e+01 -9.912768795128593657e-01 -1.120440888105270621e-01 6.939959407131877922e-02 -4.949948411025394535e+01 6.867598652818844573e-02 1.030973472917596188e-02 9.975857452481797782e-01 2.370145391707668470e+00
-1.149637722970375114e-01 9.933668016583045990e-01 -2.386255239090518104e-03 8.417434531860340030e+01 -9.911073924512971978e-01 -1.145395917575198763e-01 6.772630151814358623e-02 -5.051627937961126236e+01 6.700375459223729957e-02 1.015111314181308538e-02 9.977010837981138414e-01 2.451861949318726364e+00
-1.169514500483127273e-01 9.931357431460063889e-01 -1.928686098420365810e-03 8.403355197998982362e+01 -9.908516583127678912e-01 -1.165503430912278454e-01 6.803706407678455914e-02 -5.163653960815307187e+01 6.734526698704790260e-02 9.868081921211942567e-03 9.976809293641769605e-01 2.539185616535941659e+00
-1.183670403957870071e-01 9.929657321635031453e-01 -2.874771539699948718e-03 8.390264956644512040e+01 -9.905084887727026999e-01 -1.178694063547496423e-01 7.070905163998195131e-02 -5.265546327880716149e+01 6.987283384693919464e-02 1.121711376469477703e-02 9.974928392552468992e-01 2.615178389512493151e+00
-1.190519582170736085e-01 9.928832467140474849e-01 -3.074972733576714599e-03 8.377002865117503916e+01 -9.902315037073595727e-01 -1.185064583975422997e-01 7.346986851095957394e-02 -5.367802757399316249e+01 7.258261412325281436e-02 1.179167364507064525e-02 9.972926960256650597e-01 2.693777277498991651e+00
-1.194411309956244505e-01 9.928392734804026842e-01 -1.989747241758355132e-03 8.362447180762617904e+01 -9.900864660802737305e-01 -1.189602881900492654e-01 7.468114005051761095e-02 -5.480921020210583805e+01 7.390968480906916216e-02 1.089002858805661160e-02 9.972054787130146813e-01 2.785601491120622608e+00
-1.190330973487805782e-01 9.928897557431503040e-01 1.010215326020993043e-03 8.349600531451433483e+01 -9.902365834536895894e-01 -1.187892315324510645e-01 7.294285755269243332e-02 -5.584378038271232469e+01 7.254423538374422942e-02 7.682268621688491395e-03 9.973356093092303754e-01 2.868685407652020736e+00
-1.189516738248428407e-01 9.928875420617878644e-01 4.979358111858191681e-03 8.335596668136460607e+01 -9.902338360025725317e-01 -1.189980327921702358e-01 7.263918666199560559e-02 -5.698377861208844308e+01 7.271509401286796459e-02 3.709829978137297712e-03 9.973458543344457805e-01 2.962636595965673081e+00
-1.187586157509759599e-01 9.928852334332977092e-01 8.675847953898765952e-03 8.323045520648179263e+01 -9.901631819681874225e-01 -1.190750220025948020e-01 7.347139171134908775e-02 -5.802283952914643805e+01 7.398175359267013251e-02 1.348611263067686281e-04 9.972595864843029068e-01 3.045495028764760193e+00
-1.187915037787165423e-01 9.928382686703831617e-01 1.267741475845463386e-02 8.310294668097432691e+01 -9.900955282501493482e-01 -1.194062464633889736e-01 7.384460997589860354e-02 -5.906748614499624495e+01 7.482953426473583358e-02 -3.779734331244187333e-03 9.971891772782275343e-01 3.132305559384681359e+00
-1.190044725458576785e-01 9.927591996206175384e-01 1.634237003201014296e-02 8.296229855332221348e+01 -9.901154967195268108e-01 -1.198858365701309520e-01 7.279232477076875985e-02 -6.022420564634241202e+01 7.422448571713771703e-02 -7.518217017165585575e-03 9.972132184029408597e-01 3.227251577494079982e+00
-1.194118732335297250e-01 9.927169319258467572e-01 1.593309684957619141e-02 8.282437606452374723e+01 -9.904089744885610225e-01 -1.202270123220110648e-01 6.808496214653393663e-02 -6.129036303477762715e+01 6.950469953380056243e-02 -7.650124665588152635e-03 9.975522908844622894e-01 3.312539149953402262e+00
-1.199709802826542104e-01 9.927032805059432530e-01 1.212958038682942878e-02 8.268685479175039177e+01 -9.909081259197737301e-01 -1.204855553521489292e-01 5.986944483961758462e-02 -6.235562369034405350e+01 6.089404829538568736e-02 -4.836698841503042114e-03 9.981325171444702660e-01 3.385060577419117589e+00
-1.203126497926667593e-01 9.927163879437685967e-01 6.245424264021502865e-03 8.252894441492843214e+01 -9.913029601596661244e-01 -1.204745054622034517e-01 5.295628701915611192e-02 -6.353200900100989656e+01 5.332300191035304476e-02 1.802092401947374674e-04 9.985773006897722404e-01 3.450602398834863749e+00
-1.200994332315394042e-01 9.927596872535545680e-01 -2.072519979724280967e-03 8.237965042074316102e+01 -9.912450297286806711e-01 -1.198003106659400185e-01 5.550864962520466600e-02 -6.459586754482120341e+01 5.485847489549043610e-02 8.720939163571474542e-03 9.984560548838322669e-01 3.502793227081720584e+00
-1.193069725244219337e-01 9.928264305417783264e-01 -7.841612806695206703e-03 8.221779863980613356e+01 -9.910154117844534039e-01 -1.186010320181959538e-01 6.182460896552708501e-02 -6.576761860726452369e+01 6.045109716660263671e-02 1.514727355735802361e-02 9.980562237292150973e-01 3.558557723881110135e+00
-1.187929869861636262e-01 9.928634185572626780e-01 -1.050828547352098720e-02 8.207656569053119711e+01 -9.907515260213257680e-01 -1.178281128853769094e-01 6.729028793366539918e-02 -6.683657837402607527e+01 6.557190939720289324e-02 1.840472206798098032e-02 9.976781003027952455e-01 3.617852941667808686e+00
-1.182323184063248517e-01 9.929217696350481903e-01 -1.128910910755720649e-02 8.193832737006269440e+01 -9.905666805608559500e-01 -1.171435138444615748e-01 7.109909839743308591e-02 -6.791084152104058091e+01 6.927341282296474445e-02 1.958883462231855721e-02 9.974053703748135824e-01 3.684691098218436434e+00
-1.180034237618247106e-01 9.929770246950745394e-01 -8.472671154041893152e-03 8.179216471520210519e+01 -9.906497977780932551e-01 -1.171299656746946638e-01 6.995414638905161908e-02 -6.910402397040768108e+01 6.847047246679155430e-02 1.664828641682353574e-02 9.975142254211347703e-01 3.760954216456124932e+00
-1.175437720348257303e-01 9.930430323707811757e-01 -6.997376477284056491e-03 8.165852734569229199e+01 -9.910172645700267013e-01 -1.168455919748626615e-01 6.505322720245819423e-02 -7.019630119808417135e+01 6.378305665118366719e-02 1.458113001127763278e-02 9.978572609149379824e-01 3.834623000028998252e+00
-1.172097675604139438e-01 9.930899454505908164e-01 -5.847769293286592118e-03 8.152605810656517349e+01 -9.912371016154928327e-01 -1.166258319443458369e-01 6.202787422809143136e-02 -7.129192516938209678e+01 6.091727205112482113e-02 1.306680581916448876e-02 9.980572855814209277e-01 3.900753180860927927e+00
