1.000000000000000000e+00 1.781720578400267770e-17 2.962985611268491427e-18 4.654545637805540537e-10 3.793526384132393010e-18 1.000000000000000000e+00 7.943679793970173763e-18 -2.333863657888457510e-10 4.241911872405211454e-18 1.314189684629568044e-18 9.999999999999998890e-01 1.204136790278198532e-11
9.999991404041775889e-01 -2.015142446105297979e-04 1.295601243507425769e-03 1.258910751096160574e+00 2.026487718238615657e-04 9.999995961297555302e-01 -8.755940947528140401e-04 -3.849282166568379626e-03 -1.295424487318282613e-03 8.758560062624952403e-04 9.999987773796374935e-01 9.591534857023575888e-03
9.999982106670859405e-01 -5.570495103627865364e-04 1.807860025307012671e-03 2.646318359885813543e+00 5.601035765273040335e-04 9.999984163589491493e-01 -1.689244341520381104e-03 -5.910031575971252948e-03 -1.806916466328010269e-03 1.690254124182234132e-03 9.999969390511203038e-01 2.583562484927481862e-02
9.999996172619241008e-01 -7.111502643932551392e-04 5.096482072548740938e-04 3.908699663027849436e+00 7.128827808591946561e-04 9.999939410126491568e-01 -3.407301112323911623e-03 -1.007515128616059963e-02 -5.072221024379162122e-04 3.407663563806288994e-03 9.999940652774134131e-01 3.733493764048456676e-02
9.999994690077250725e-01 -6.164879980031277113e-04 8.257885373124269077e-04 5.302748740755268031e+00 6.194937796495238007e-04 9.999931666474679570e-01 -3.644564172895298649e-03 -1.357337188765472824e-02 -8.235362015585169851e-04 3.645074275083190485e-03 9.999930176054121489e-01 5.122681343049650948e-02
9.999985629996910319e-01 -4.954350146145546996e-04 1.621277956862393101e-03 6.572833131574978616e+00 5.017973564232325150e-04 9.999921664918304254e-01 -3.926208542882704544e-03 -1.730990841198909447e-02 -1.619320341467049562e-03 3.927016956604464232e-03 9.999909781497063888e-01 5.923675295807084851e-02
9.999964474149313221e-01 -3.789921064060073567e-04 2.638469487192877678e-03 7.846227407552879285e+00 3.935412694316810863e-04 9.999847098459219152e-01 -5.515898941340830787e-03 -2.319035992205653596e-02 -2.636339093485183700e-03 5.516918398507027720e-03 9.999813065189463446e-01 6.576291921964450005e-02
9.999935974706415376e-01 -5.767234187427063225e-04 3.531629314243933497e-03 9.250328140298684332e+00 5.950078027055570162e-04 9.999864146866920267e-01 -5.178450834837735640e-03 -2.667881694384849345e-02 -3.528595379238201428e-03 5.180519689864629580e-03 9.999803554507079584e-01 7.407788952559035689e-02
9.999978384820517041e-01 -8.326257956892379455e-04 1.905194178803576140e-03 1.052719779363981800e+01 8.415667916618547496e-04 9.999886150875667568e-01 -4.696957655748910769e-03 -2.860146760423781798e-02 -1.901261993896932647e-03 4.698551452788420936e-03 9.999871543510405747e-01 8.161103846950790164e-02
9.999992180506243056e-01 -9.307507967575927819e-04 -8.352251903563994665e-04 1.193531766725321930e+01 9.292555742736705341e-04 9.999979682527990743e-01 -1.788842130056400234e-03 -2.999750875654122462e-02 8.368885910429879225e-04 1.788064822385981379e-03 9.999980512280205458e-01 8.599096545865370089e-02
9.999982957183018994e-01 -6.140673859131879492e-04 -1.741114993315772720e-03 1.321992457321789161e+01 6.167317978680158250e-04 9.999986391335050628e-01 1.530159406038712972e-03 -2.885424192125274345e-02 1.740173282973691378e-03 -1.531230795304975049e-03 9.999973135537584268e-01 9.008730428250100175e-02
9.999985361428915809e-01 -5.412497027987962046e-04 -1.623194555718373341e-03 1.450821773911579804e+01 5.476017290021094287e-04 9.999921849069802748e-01 3.915391938520489459e-03 -2.598067266766651562e-02 1.621062926756585906e-03 -3.916275572451988034e-03 9.999910174117434547e-01 1.001419936132185162e-01
9.999995470140865539e-01 -4.042918124280230584e-04 -8.616958451690125706e-04 1.592960618879337531e+01 4.087515890914057053e-04 9.999864914269070981e-01 5.181692158880015810e-03 -2.443361053921710990e-02 8.595894272616298433e-04 -5.182042694505670406e-03 9.999862036507131124e-01 1.141716587844607833e-01
9.999985692310813246e-01 -1.580215093962054237e-05 1.691533480356695231e-03 1.722656222622481437e+01 1.051182428117630078e-05 9.999951093168959471e-01 3.127500836122802143e-03 -2.835564736842344224e-02 -1.691574903839419266e-03 -3.127478980484039821e-03 9.999936786902455799e-01 1.245537643666430050e-01
9.999922272305168391e-01 2.258194009619306100e-04 3.936303007627262041e-03 1.865564685845740556e+01 -2.220400955673954230e-04 9.999995140420498974e-01 -9.605229132348625182e-04 -3.633355180534464379e-02 -3.936518638672437814e-03 9.596415532380212681e-04 9.999917914270451957e-01 1.342979184704792273e-01
9.999982839371684973e-01 -1.982539612838396119e-05 1.852492645650115257e-03 1.995346233351441256e+01 2.651559984007448482e-05 9.999934781437964659e-01 -3.611499604446584584e-03 -4.352270427316023982e-02 -1.852409266176175025e-03 3.611542989179974614e-03 9.999917626536831694e-01 1.405593710720469680e-01
9.999997828010884771e-01 -1.691011559266408543e-04 -6.370263477813311410e-04 2.138603938422606277e+01 1.659014079573016846e-04 9.999873876555696040e-01 -5.019656722090109005e-03 -4.537891221055362356e-02 6.378672457733904327e-04 5.019550590666882819e-03 9.999871985631400007e-01 1.552251177602350651e-01
9.999977239640067683e-01 4.553966513128516894e-04 -2.084389610511517502e-03 2.269221589619268187e+01 -4.613182651823575218e-04 9.999958570121205703e-01 -2.841322750045477841e-03 -4.290255076013466118e-02 2.083087386966235056e-03 2.842278213757249046e-03 9.999937910963374588e-01 1.741861528216716026e-01
9.999987245957328019e-01 1.226162761100696831e-03 -1.023392142094833217e-03 2.400453485404045040e+01 -1.226052801025772666e-03 9.999992425533376084e-01 1.081135672469701799e-04 -3.846568690455720585e-02 1.023524104302691532e-03 -1.068587102537784923e-04 9.999994704891976838e-01 1.897958594712235714e-01
9.999834343829006045e-01 1.889288702155994841e-03 5.437052749040555653e-03 2.545746385371548115e+01 -1.897029425373970585e-03 9.999971940237614154e-01 1.418886214415284635e-03 -3.856612471799919506e-02 -5.434357681511020263e-03 -1.429177141352033168e-03 9.999842124756498363e-01 2.056309449433539882e-01
9.999820571637341171e-01 2.348706270726893044e-03 5.510800652055991393e-03 2.677462625263742879e+01 -2.343632927912180260e-03 9.999968241065254615e-01 -9.269049276770952852e-04 -4.553277055135651619e-02 -5.512961062873650113e-03 9.139731198171939259e-04 9.999843858420424114e-01 2.146440763168740995e-01
9.999908388157648931e-01 1.978411427340227673e-03 3.795809518323084355e-03 2.822572386620307228e+01 -1.958117378177829868e-03 9.999838103204049533e-01 -5.342734998776074024e-03 -5.611216035775912214e-02 -3.806318803061968861e-03 5.335254095529317307e-03 9.999785232993380069e-01 2.287004151261046170e-01
9.999970908883738518e-01 2.017870523445057865e-03 1.321519059807100627e-03 2.954633208166894320e+01 -2.010022030198788112e-03 9.999804938743400706e-01 -5.913680720206269774e-03 -6.189845443695279892e-02 -1.333426531376731864e-03 5.911007990920155199e-03 9.999816408422409486e-01 2.413021315910097719e-01
9.999964246734427409e-01 2.474944997603132670e-03 -1.012564546506161157e-03 3.100353758283452521e+01 -2.480978013994122270e-03 9.999789171057796855e-01 -6.000835656011394015e-03 -6.723858172891056251e-02 9.976916347204912126e-04 6.003327119837967817e-03 9.999814821980456125e-01 2.587256067711609653e-01
9.999938961442287333e-01 3.202749525753587762e-03 -1.396448623136663150e-03 3.233233358382248213e+01 -3.206689820360159125e-03 9.999908582540107949e-01 -2.828519139826581996e-03 -6.830224101642878853e-02 1.387377060172749997e-03 2.832980215169257979e-03 9.999950247062613373e-01 2.748143825137979723e-01
9.999874374879232919e-01 3.607858644657660832e-03 -3.479686708030092952e-03 3.366228166526693144e+01 -3.614512792132436748e-03 9.999916476528900589e-01 -1.907853051504492447e-03 -7.211923358508781634e-02 3.472774962953383351e-03 1.920406701899931776e-03 9.999921259156869802e-01 2.915529078560218368e-01
9.999861418381751355e-01 3.532561753871495212e-03 -3.903477403188903953e-03 3.513096365604784665e+01 -3.536421480003028740e-03 9.999932643818512101e-01 -9.822958047398073437e-04 -7.696235702716716642e-02 3.899981742014641851e-03 9.960866606246094636e-04 9.999918989501825894e-01 3.144336820359923679e-01
9.999926848723676986e-01 3.436936035493640823e-03 -1.678592035037049235e-03 3.647171675077338904e+01 -3.438516005583206175e-03 9.999936472368324836e-01 -9.391938364048767326e-04 -8.150696887591660222e-02 1.675353711641721114e-03 9.449589526368428654e-04 9.999981501244566973e-01 3.368177386833531295e-01
9.999955336240203829e-01 2.988152831966926336e-03 -6.061359537321576579e-05 3.794882795474944714e+01 -2.988156657464316988e-03 9.999955335648351706e-01 -6.140212256740676443e-05 -8.759612574414921138e-02 6.042987032677162317e-05 6.158297923321377006e-05 9.999999962781871421e-01 3.544050466127198207e-01
9.999955803406296306e-01 2.951845203674616051e-03 -3.548358025438539233e-04 3.929118730608708887e+01 -2.950934987433189143e-03 9.999924222434299903e-01 2.539185570196224231e-03 -9.180463472339150943e-02 3.623284701075348002e-04 -2.538127575240523882e-03 9.999967132957010563e-01 3.686134001841133156e-01
9.999951138202526346e-01 3.078114325923995975e-03 -5.454787792963680616e-04 4.063642641094686070e+01 -3.075354493354769559e-03 9.999828195882629611e-01 4.990267519718314879e-03 -9.663524692163827368e-02 5.608301284091329452e-04 -4.988566234161154710e-03 9.999873997357880961e-01 3.785364401503431009e-01
9.999953089547450880e-01 3.063015605801554849e-03 1.794649842876724525e-06 4.212055218677573976e+01 -3.062948293174531759e-03 9.999690526255513578e-01 7.246530519135931450e-03 -9.912954183983896383e-02 2.040166065728433854e-05 -7.246502949616517517e-03 9.999737435121991425e-01 3.975325367952041722e-01
9.999960415796527169e-01 2.798768147504700817e-03 2.893462659441798767e-04 4.347262381358575567e+01 -2.801090056972779796e-03 9.999611133564043630e-01 8.362161436585299062e-03 -1.037808277936886903e-01 -2.659312920744374021e-04 -8.362939890835540541e-03 9.999649946088976504e-01 4.113151437514542264e-01
9.999972263810700257e-01 2.349505482903209170e-03 -1.644800596216343142e-04 4.496200874174503070e+01 -2.348249788580082913e-03 9.999708979805406184e-01 7.258717549026258084e-03 -1.120550918755388869e-01 1.815297111644756053e-04 -7.258312104760492219e-03 9.999736415962585667e-01 4.264589845974467441e-01
9.999982388486158280e-01 1.702264264057601947e-03 -7.903136572556327928e-04 4.631904658097811733e+01 -1.697129682697836109e-03 9.999777403053926594e-01 6.452805852468737786e-03 -1.194175804248625294e-01 8.012805850165686345e-04 -6.451454049044473039e-03 9.999788680925378870e-01 4.377399148258845352e-01
9.999997697303388833e-01 6.784143017380947016e-04 -1.712339655332466087e-05 4.781670388830433893e+01 -6.783031156081574878e-04 9.999828165087326637e-01 5.822941310934677192e-03 -1.259258742470894532e-01 2.107347609947871563e-05 -5.822929100490358348e-03 9.999830463559515881e-01 4.515831307733014777e-01
9.999996441616453291e-01 -2.966880558959450746e-04 7.897168222721137739e-04 4.918157161467208738e+01 2.919287266521575545e-04 9.999818373377014069e-01 6.019952426932402914e-03 -1.284016561918563948e-01 -7.914886567194374251e-04 -6.019720514204128167e-03 9.999815680580664834e-01 4.650184409439127031e-01
9.999985793652960142e-01 -1.322643208627830155e-03 1.044931658296701467e-03 5.054853296352502667e+01 1.315669269997231166e-03 9.999770440248425540e-01 6.646841183712431239e-03 -1.296001052955224053e-01 -1.053699247722167604e-03 -6.645457807036514453e-03 9.999773635180854159e-01 4.770812623631561222e-01
9.999965085996711522e-01 -2.556891615555875741e-03 6.671534120494679787e-04 5.205433477040241286e+01 2.552409423058591906e-03 9.999747304962707251e-01 6.635030895452267118e-03 -1.299398986141651891e-01 -6.841017317849030751e-04 -6.633305730267684795e-03 9.999777653528266752e-01 4.892381017169963320e-01
9.999915712238064414e-01 -3.647001389449446625e-03 1.885964318253968708e-03 5.342693876608331749e+01 3.633934368114272694e-03 9.999696865784403199e-01 6.886254955782898646e-03 -1.294753180481416632e-01 -1.911021658008578558e-03 -6.879344322991557022e-03 9.999745109534621257e-01 4.988323307313288213e-01
9.999858587673988719e-01 -4.486537309213512077e-03 2.855389009908580310e-03 5.493786628448101084e+01 4.471048216371262089e-03 9.999753811856808561e-01 5.408031095541358454e-03 -1.279971586715323573e-01 -2.879582537050211482e-03 -5.395188727846520448e-03 9.999812997725885388e-01 5.120390556855013431e-01
9.999832341484913290e-01 -5.086693027955143179e-03 2.767123796327256545e-03 5.631067025311784846e+01 5.075683256220062632e-03 9.999792324218937933e-01 3.971423167578037351e-03 -1.270893283411130836e-01 -2.787268218619693826e-03 -3.957312045811146699e-03 9.999882853221510048e-01 5.223648298198042550e-01
9.999811639682543163e-01 -5.684284250695859422e-03 2.315301200818909323e-03 5.768273695548354141e+01 5.680265477142026724e-03 9.999823555576108358e-01 1.738727935244101155e-03 -1.266436522534829801e-01 -2.325144178611833999e-03 -1.725543879854025313e-03 9.999958080848130315e-01 5.330079120315668328e-01
9.999796041671119573e-01 -5.747035370121250653e-03 2.786185954557691621e-03 5.919190289490791912e+01 5.746168197163365778e-03 9.999834396889757393e-01 3.192216710532329586e-04 -1.263129682151111211e-01 -2.787974874545311524e-03 -3.032053058966474980e-04 9.999960676228124568e-01 5.421507497395945396e-01
9.999800088717560875e-01 -5.327297330620950691e-03 3.406135252008273863e-03 6.056291056687247476e+01 5.330202961400447130e-03 9.999854377759093138e-01 -8.444906346226510206e-04 -1.254907281971699151e-01 -3.401587378070365566e-03 8.626292549933143976e-04 9.999938425234418116e-01 5.523323558798560740e-01
9.999797580989975287e-01 -4.913719457193883866e-03 4.042121967458308859e-03 6.206952942163303533e+01 4.921654755345778245e-03 9.999859765490189956e-01 -1.955505102327994345e-03 -1.243461505042561532e-01 -4.032457159811273298e-03 1.975359700919824234e-03 9.999899185823034609e-01 5.642136201628040748e-01
9.999833468269256898e-01 -4.480946468070578365e-03 3.636919694061204519e-03 6.343595418154684751e+01 4.494799267146905135e-03 9.999826413323126273e-01 -3.809694768550982158e-03 -1.230687045512086630e-01 -3.619786134862342918e-03 3.825979038797541754e-03 9.999861294412102364e-01 5.773989367470709899e-01
9.999879997886876870e-01 -4.009884839385187243e-03 2.814444977547144941e-03 6.479937740098412746e+01 4.024827370092397619e-03 9.999777289887656906e-01 -5.323742566028983464e-03 -1.242157139872162586e-01 -2.793035176901683542e-03 5.335007018057775878e-03 9.999818681918606345e-01 5.877993511252489478e-01
9.999920146185536929e-01 -3.322350566053225516e-03 2.220964843340352598e-03 6.629671953817208419e+01 3.333910769147037118e-03 9.999808092355889633e-01 -5.221699375562806333e-03 -1.236047571365864184e-01 -2.203574280648548482e-03 5.229062846219718896e-03 9.999839004795523234e-01 6.006426650567145975e-01
9.999942169594748798e-01 -2.552393723167082230e-03 2.247517061972725654e-03 6.765604054491149100e+01 2.560424935620626494e-03 9.999903219750290173e-01 -3.577728793875797203e-03 -1.220808629116139077e-01 -2.238363914863698845e-03 3.583463161156884118e-03 9.999910742385688112e-01 6.114265476532236843e-01
9.999911630785155436e-01 -2.068490765174706234e-03 3.659932847275271933e-03 6.915056602811145581e+01 2.070535525350200492e-03 9.999977024442014972e-01 -5.549624625468820797e-04 -1.147680599436236293e-01 -3.658777109005039146e-03 5.625356514937614660e-04 9.999931484323857367e-01 6.295120311463040519e-01
9.999868944496305145e-01 -1.369160968542941720e-03 4.933185886737376756e-03 7.050654435957704891e+01 1.354583331557956353e-03 9.999947101566201146e-01 2.957159248076314268e-03 -1.095506680523173348e-01 -4.937209427520216840e-03 -2.950438458939907884e-03 9.999834592892818952e-01 6.420672623271144186e-01
9.999847562622524721e-01 -6.247007398112513826e-04 5.486072083306851692e-03 7.199373150962810541e+01 5.871415004064562976e-04 9.999763987190929404e-01 6.845241509350228834e-03 -1.033525534258948886e-01 -5.490219727878018451e-03 -6.841916937159248611e-03 9.999615220614754829e-01 6.540615469902006929e-01
9.999868950878253449e-01 -2.883192016523091581e-05 5.119454732328678447e-03 7.334238789524356150e+01 -2.834752719190305922e-05 9.999376285554940624e-01 1.116862971728870696e-02 -9.865285049425948083e-02 -5.119458269446340581e-03 -1.116862990649939054e-02 9.999245235331940540e-01 6.623255400021967887e-01
9.999889395061775099e-01 6.335586860413320275e-04 4.660414662329695305e-03 7.468848203392283835e+01 -6.994404046304039018e-04 9.998996614028365926e-01 1.414842832459410095e-02 -9.638613074474322584e-02 -4.650983935375715278e-03 -1.415153332932348948e-02 9.998890450156437959e-01 6.698619872524751440e-01
9.999894198077505791e-01 1.340585205146728421e-03 4.400352291254644270e-03 7.616689831229987817e+01 -1.412504233890194078e-03 9.998648131990979238e-01 1.638170583492086149e-02 -9.210546568332977913e-02 -4.377797053311365851e-03 -1.638775012677999576e-02 9.998561278575944788e-01 6.853752097711801605e-01
9.999883454755121859e-01 1.663343422860956823e-03 4.532350159860510340e-03 7.750927332473902709e+01 -1.738695849886461291e-03 9.998594917209727706e-01 1.667254875172849773e-02 -9.324652215238349307e-02 -4.503981875806879059e-03 -1.668023695414669674e-02 9.998507307176360825e-01 6.966479013227642181e-01
9.999874602195224504e-01 1.831248212720897918e-03 4.661108197418977611e-03 7.898223109401169495e+01 -1.902695654857159639e-03 9.998800578916187121e-01 1.537041645695214412e-02 -9.799192883334645332e-02 -4.632402829736801710e-03 -1.537909435370635874e-02 9.998710037713794962e-01 7.083037367323380407e-01
9.999914072351906436e-01 1.786692996260479376e-03 3.740746070372743311e-03 8.031733289080337101e+01 -1.839836103696098225e-03 9.998967477616705901e-01 1.425162917241978508e-02 -1.038592287222924737e-01 -3.714897138216902758e-03 -1.425839089588301460e-02 9.998914429655593183e-01 7.171933386613129624e-01
9.999923673948449832e-01 1.523954548824726874e-03 3.597598095603396755e-03 8.165028172268853268e+01 -1.572395468949875979e-03 9.999076267933192375e-01 1.350057641511871916e-02 -1.072791440492417425e-01 -3.576692082256641408e-03 -1.350613194591422130e-02 9.999023910190629749e-01 7.293618028219530647e-01
9.999917182514069802e-01 1.270760065806409269e-03 3.866341245998800025e-03 8.311519702711323987e+01 -1.322989892807140827e-03 9.999075034383074767e-01 1.353640927978605815e-02 -1.105698157048164432e-01 -3.848782713031272291e-03 -1.354141403797259197e-02 9.999009035247587995e-01 7.415106473885185734e-01
9.999941277838615417e-01 7.728003733693156359e-04 3.338738575304417769e-03 8.444581032091259942e+01 -8.164090809473217988e-04 9.999141216202368510e-01 1.307986881664994182e-02 -1.093071095055443975e-01 -3.328344258877126774e-03 -1.308251945956437519e-02 9.999088807004217205e-01 7.532605898827479107e-01
9.999930858777140719e-01 -8.147466948203172166e-06 3.718619086311741873e-03 8.590606014533297241e+01 -4.177521207739892873e-05 9.999098826797698791e-01 1.342478617728882703e-02 -1.036530433162645981e-01 -3.718393956115182211e-03 -1.342485042084034554e-02 9.999029687076124162e-01 7.654543953659227462e-01
9.999899744037844540e-01 -9.126298302619931420e-04 4.383856219694400903e-03 8.723554012524840573e+01 8.552867354710810876e-04 9.999142882532683352e-01 1.306463695953390472e-02 -9.264079729918034412e-02 -4.395404367491537526e-03 -1.306075819614769574e-02 9.999050439475845042e-01 7.797180689541211018e-01
9.999834412345697254e-01 -1.995625227915321601e-03 5.397659820316506527e-03 8.856169321661825222e+01 1.936078872991215056e-03 9.999374618916321289e-01 1.101471732099751182e-02 -8.706739441944039148e-02 -5.419304399005775257e-03 -1.100408604395630707e-02 9.999247677410071367e-01 7.900753749337265930e-01
9.999759342026695030e-01 -3.250988704887736516e-03 6.128791175153513841e-03 9.001555894121288759e+01 3.197311965643328743e-03 9.999566265882826599e-01 8.747697703114997239e-03 -7.594708677725620083e-02 -6.156965031706471136e-03 -8.727892642327159459e-03 9.999429561737828154e-01 8.017406389437913283e-01
9.999727647526073238e-01 -3.834412430253793681e-03 6.306110305413586969e-03 9.133172179339830166e+01 3.791436132853308241e-03 9.999696039852189466e-01 6.812942037907456470e-03 -6.651297364082867092e-02 -6.332043302665673647e-03 -6.788848139992003337e-03 9.999569074286079884e-01 8.098215639918289188e-01
9.999751062232052901e-01 -4.305851534596794213e-03 5.589863204682011394e-03 9.277495568049141639e+01 4.275414700094262895e-03 9.999760327957561978e-01 5.445614145110123233e-03 -5.128186762582365166e-02 -5.613178171103762153e-03 -5.421580293635429836e-03 9.999695488631288320e-01 8.196755895750061915e-01
9.999766740755076100e-01 -4.555604169560923018e-03 5.088985222425641136e-03 9.408338721382824588e+01 4.534022665417989338e-03 9.999807137755494235e-01 4.244379257528138952e-03 -3.759537098739201832e-02 -5.108223639969372044e-03 -4.221207219243279171e-03 9.999780434719204303e-01 8.283322885847167472e-01
9.999781030553370753e-01 -4.690297216205024759e-03 4.668459875493124848e-03 9.551761699058003785e+01 4.667407159605729827e-03 9.999770923968828162e-01 4.902044217957123202e-03 -1.485452403544629263e-02 -4.691345762446627078e-03 -4.880147899599596682e-03 9.999770874325306647e-01 8.404581381869182799e-01
9.999815539155466615e-01 -4.566255649105001486e-03 4.005138545564923200e-03 9.681811275197718203e+01 4.547361250587409094e-03 9.999785493150189497e-01 4.714070371465700106e-03 3.453726641837739919e-03 -4.026578960189607787e-03 -4.695771204405862521e-03 9.999808679939433675e-01 8.512160035192203322e-01
9.999850509685576094e-01 -4.336760587619573927e-03 3.330216917773419754e-03 9.811661884267873290e+01 4.318794053589247554e-03 9.999761831206130935e-01 5.383424481327239719e-03 2.090152355115598715e-02 -3.353484791996101406e-03 -5.368962170416013459e-03 9.999799639680625463e-01 8.621660928902376009e-01
9.999860063923511344e-01 -3.968242549778826060e-03 3.498580871777895365e-03 9.954297242382176591e+01 3.943511306849188658e-03 9.999673883822098874e-01 7.047762345709487897e-03 4.184024833764360407e-02 -3.526434600472745911e-03 -7.033867929035235098e-03 9.999690439708350809e-01 8.754682643839255540e-01
9.999813315771194366e-01 -3.751680826361815206e-03 4.823005693483903983e-03 1.008370164741158277e+02 3.715512455775297086e-03 9.999650739701475555e-01 7.486379231918898619e-03 5.300566031466846795e-02 -4.850924557391317511e-03 -7.468320491023144533e-03 9.999603455424398435e-01 8.842286834632985260e-01
9.999732914839679632e-01 -3.618897304759963619e-03 6.349794784840111055e-03 1.022580178182175388e+02 3.563043245301192666e-03 9.999550580437441827e-01 8.785595746780875195e-03 7.226870270017887732e-02 -6.381304636413714232e-03 -8.762737624489019134e-03 9.999412449292247596e-01 8.978209748440446614e-01
9.999807412327569311e-01 -3.548543888485976988e-03 5.091659368670540392e-03 1.035452563577125318e+02 3.506317258134097978e-03 9.999595859821996946e-01 8.278418613358765749e-03 8.644326843876243283e-02 -5.120830775777757832e-03 -8.260407265198181984e-03 9.999527702324572109e-01 9.076574453145632715e-01
9.999909996753821861e-01 -3.428587552644338579e-03 2.499070699610170948e-03 1.048295616459398332e+02 3.408047285475986586e-03 9.999607549340290280e-01 8.177645004204675550e-03 1.021187771316087733e-01 -2.527010822676244075e-03 -8.169055497132728799e-03 9.999634396704216721e-01 9.186974023489034025e-01
9.999931892693776359e-01 -3.452714179014425636e-03 1.303909216333505160e-03 1.062438820450070551e+02 3.442740375685776014e-03 9.999653786781738107e-01 7.575556173122471003e-03 1.101912173944014639e-01 -1.330020536396571158e-03 -7.571016526162092052e-03 9.999704549070114190e-01 9.276357805164384684e-01
9.999912422099905829e-01 -3.320373391898301298e-03 2.547670027234726770e-03 1.075360729073774166e+02 3.306236901689326227e-03 9.999792264333214886e-01 5.533132040906765456e-03 1.257753105863039789e-01 -2.565989600823756489e-03 -5.524661089283435834e-03 9.999814467117340566e-01 9.440153521984737672e-01
9.999852504134257858e-01 -2.663670856123047381e-03 4.733266226770395727e-03 1.089522332579051636e+02 2.649168613445762425e-03 9.999917859892910599e-01 3.067554186064893641e-03 1.407084483382999296e-01 -4.741399086449602125e-03 -3.054970111431024298e-03 9.999840930071022260e-01 9.599314685148108151e-01
9.999839255216843581e-01 -1.772223672347985734e-03 5.385899781113784313e-03 1.102374397267853823e+02 1.763886612544462735e-03 9.999972395162478600e-01 1.552314032114106464e-03 1.604287476421634162e-01 -5.388636846172259465e-03 -1.542789160221687619e-03 9.999842910689350495e-01 9.764536606557991938e-01
9.999912496040275212e-01 -1.066526488505025860e-03 4.045149411025123279e-03 1.115165399246338609e+02 1.064160255822808442e-03 9.999992614544546132e-01 5.870768050002915387e-04 1.778855424557814757e-01 -4.045773219717959876e-03 -5.827670550369081761e-04 9.999916460145064079e-01 9.902892651407576574e-01
9.999987867328917757e-01 -3.514472964759777314e-04 1.517569473141699293e-03 1.129195411414122105e+02 3.474877385617875219e-04 9.999965371501259304e-01 2.608632770306034722e-03 1.958650422529309432e-01 -1.518481263502066865e-03 -2.608102602292046695e-03 9.999954459851322364e-01 1.005684145162863974e+00
9.999995563594834547e-01 6.941831045462490630e-04 -6.367028542865239577e-04 1.141934378259899603e+02 -6.913286992299781230e-04 9.999897595369503511e-01 4.472463263931578288e-03 2.018634340252706272e-01 6.398011503291540277e-04 -4.472021681199180032e-03 9.999897957653939295e-01 1.015982611200767938e+00
9.999973477735023542e-01 2.168919005469365467e-03 -7.747488797461209121e-04 1.155977458642424267e+02 -2.162939891607693066e-03 9.999684999732961765e-01 7.636806969202691517e-03 2.078065092774621370e-01 7.912882307565326061e-04 -7.635111956589888879e-03 9.999705389961870416e-01 1.028973637136133323e+00
9.999929590289593495e-01 3.507629254874135641e-03 1.333577278320540729e-03 1.168778829535141028e+02 -3.519525188848798922e-03 9.999530795518756232e-01 9.025060491060440254e-03 2.096691468489961241e-01 -1.301858333875856571e-03 -9.029691660193309155e-03 9.999583840114837363e-01 1.039877152216171607e+00
9.999821186304082010e-01 4.581868263135354877e-03 3.843032518113880490e-03 1.182878248012990383e+02 -4.616551483960102883e-03 9.999482540688745535e-01 9.065137475435651807e-03 2.071474470861910389e-01 -3.801298986015270998e-03 -9.082718097955034750e-03 9.999515259657608679e-01 1.049961471894385934e+00
9.999756078543078353e-01 5.333858193320295017e-03 4.509284669276344103e-03 1.195694246147259747e+02 -5.370334799234252610e-03 9.999526427045163368e-01 8.116152160284882330e-03 2.022479908329644638e-01 -4.465781416349944369e-03 -8.140171599713511355e-03 9.999568962380983583e-01 1.055394595671748537e+00
9.999728754523853347e-01 6.312952207486500350e-03 3.794072938285051547e-03 1.208588194943092446e+02 -6.345289117715419494e-03 9.999431255751884962e-01 8.572222493188123155e-03 2.024610598301254116e-01 -3.739741698019645975e-03 -8.596065564992701885e-03 9.999560599925130244e-01 1.066024921885491139e+00
9.999655178639916819e-01 7.610238047728448869e-03 3.323756190269715541e-03 1.222991193627892414e+02 -7.644598245578944178e-03 9.999161720676050802e-01 1.045031328029708169e-02 2.146703386263608127e-01 -3.243948684110693845e-03 -1.047536305211572809e-02 9.999398699312775918e-01 1.093030818544591387e+00
9.999576914696917118e-01 8.694453926372266647e-03 3.003620565651726228e-03 1.236022595159620323e+02 -8.731148993788523036e-03 9.998846523845975609e-01 1.242775401345346149e-02 2.210845078521106455e-01 -2.895221997480957547e-03 -1.245345486544114505e-02 9.999182611842265533e-01 1.112476648961548742e+00
9.999493075780011564e-01 9.884712358019307268e-03 1.916958740004306386e-03 1.250371883257449923e+02 -9.909262095205139190e-03 9.998631092564730372e-01 1.325025984177644924e-02 2.250368351756593666e-01 -1.785721559538991842e-03 -1.326858549819791809e-02 9.999103738482192361e-01 1.134651661624120678e+00
9.999392580915713591e-01 1.093264488514681700e-02 1.399070200486911015e-03 1.263374371935657337e+02 -1.095155338477716775e-02 9.998376612105567274e-01 1.430785882782269550e-02 2.247227941940299067e-01 -1.242420484556858769e-03 -1.432231356557424513e-02 9.998966584654457312e-01 1.151005608727078133e+00
9.999294926000100725e-01 1.182306094584976291e-02 1.106820761997192671e-03 1.276426270445039108e+02 -1.183692943209582564e-02 9.998388452466040466e-01 1.349706464373692794e-02 2.289641044670032155e-01 -9.470658693914625484e-04 -1.350921608833759863e-02 9.999082978137725508e-01 1.181021819291365293e+00
9.999183904016866187e-01 1.262514893614018543e-02 1.954006998579303767e-03 1.290729695054105832e+02 -1.264938848241975444e-02 9.998363395379504803e-01 1.293395623665555792e-02 2.273722206167431703e-01 -1.790394308941021910e-03 -1.295761935287200947e-02 9.999144435814777410e-01 1.206147529080530578e+00
9.999038966831809150e-01 1.342862449792482996e-02 3.445204259277574125e-03 1.303771286708022785e+02 -1.346908138362581074e-02 9.998372616357849019e-01 1.200142489390335944e-02 2.274664463110870893e-01 -3.283481430745588056e-03 -1.204667679454699165e-02 9.999220450761402423e-01 1.231863451562905665e+00
9.998990976765496086e-01 1.376264561559233622e-02 3.519096668900613921e-03 1.318046690305001505e+02 -1.380029408170158414e-02 9.998452760571685527e-01 1.090760882638651397e-02 2.202812253056157799e-01 -3.368435104554512536e-03 -1.095507419332607084e-02 9.999343177946218297e-01 1.250505355416009934e+00
9.998979458397753151e-01 1.375456659422617973e-02 3.861320099271555936e-03 1.331051204990763495e+02 -1.378852052107696138e-02 9.998652458530149501e-01 8.908811553824908663e-03 2.132913662986963277e-01 -3.738263467865404754e-03 -8.961145409834038456e-03 9.999528604805884013e-01 1.269241835609882241e+00
9.998998051535354925e-01 1.346151055802423217e-02 4.378056277428194962e-03 1.344030759307458993e+02 -1.349322027119769993e-02 9.998823457817669347e-01 7.295729840837434331e-03 2.098150914738720618e-01 -4.279330265197753974e-03 -7.354073864199796827e-03 9.999638017785869026e-01 1.294829222932619928e+00
9.999088806040781208e-01 1.290274003676798904e-02 3.968599132400317010e-03 1.358302105623245666e+02 -1.292526474629971181e-02 9.999001998266996427e-01 5.703330370972536922e-03 2.076696319555438874e-01 -3.894615045568475785e-03 -5.754106616883662359e-03 9.999758607990005821e-01 1.322765446145441892e+00
9.999241256578581538e-01 1.170601194845963776e-02 3.835649010892981398e-03 1.371266049978331125e+02 -1.172194563226881467e-02 9.999226497484346998e-01 4.158191399652161509e-03 2.029871434504628147e-01 -3.786677041925574569e-03 -4.202837705823399793e-03 9.999839984696963224e-01 1.341198489064014066e+00
9.999322569569352170e-01 1.057907789152629473e-02 4.854338187899649541e-03 1.385544343173164918e+02 -1.059281022041091112e-02 9.999399410947694689e-01 2.811868943100882465e-03 1.997488557757221006e-01 -4.824300393177429966e-03 -2.863099907335545265e-03 9.999842642569133355e-01 1.362381266876404817e+00
9.999405956263466289e-01 9.615046578163319660e-03 5.133818198024970615e-03 1.398508433949635901e+02 -9.621819127063554328e-03 9.999528692878051350e-01 1.296077431535692676e-03 1.963513138698694260e-01 -5.121115177895660744e-03 -1.345397280440813496e-03 9.999859819402433514e-01 1.379845984977221995e+00
9.999534243739405248e-01 8.252879777777720124e-03 5.003903567374657323e-03 1.412770674785951428e+02 -8.255614116824450816e-03 9.999657835093292979e-01 5.259796759428184143e-04 1.964143168114388938e-01 -4.999392276581171232e-03 -5.672655469936775229e-04 9.999873420626205212e-01 1.405275836332757322e+00
9.999647438399034138e-01 7.057960460062535218e-03 4.549314834711585924e-03 1.425723582986289273e+02 -7.059274325512086834e-03 9.999750458143655818e-01 2.727632543270559198e-04 1.963485566615434941e-01 -4.547276862656592263e-03 -3.048685376203233367e-04 9.999896146105451411e-01 1.422679877497940337e+00
9.999732125946244610e-01 6.063118835097593660e-03 4.100326628186452133e-03 1.438675103852139898e+02 -6.062964271556611946e-03 9.999816188053691768e-01 -5.017089322792827048e-05 1.975270781180166746e-01 -4.100556088318730794e-03 2.530941914480452150e-05 9.999915923658742045e-01 1.438672383461089277e+00
9.999848048745393347e-01 5.048913407518058720e-03 2.213253519089596923e-03 1.452907486414909499e+02 -5.044787474491434220e-03 9.999855341498776751e-01 -1.865902699610318474e-03 1.986586248813519417e-01 -2.222642620308469888e-03 1.854709191072914827e-03 9.999958099578863946e-01 1.458054940577359515e+00
9.999916861643288746e-01 4.011500203069904950e-03 7.317562543139552759e-04 1.465834855851390444e+02 -4.006152431897817660e-03 9.999662777323058416e-01 -7.168965365239342476e-03 1.977297602237991225e-01 -7.604899881412862869e-04 7.165975153920029275e-03 9.999740349292476349e-01 1.479566230570062979e+00
9.999894624080777339e-01 2.861341877128753194e-03 3.589957191186243009e-03 1.480102814027946749e+02 -2.809427078828146893e-03 9.998926010800540665e-01 -1.438378450475552399e-02 1.968785516365367250e-01 -3.630729136073582164e-03 1.437354905131582941e-02 9.998901034936866772e-01 1.509239440597766269e+00
9.999888382144418442e-01 1.524326699265711633e-03 4.472121524187934287e-03 1.493055213830831178e+02 -1.426835283068865869e-03 9.997630181202349364e-01 -2.172260263345709291e-02 1.922534227578813759e-01 -4.504174782376088072e-03 2.171598196933562097e-02 9.997540341580914980e-01 1.526515855113310671e+00
9.999975112646484199e-01 3.254155801157586131e-04 2.207162940878119265e-03 1.505976031145378897e+02 -2.700394382645561779e-04 9.996863297487323941e-01 -2.504333971902609340e-02 1.942020219411116910e-01 -2.214620472756540122e-03 2.504268457707930010e-02 9.996839299169637538e-01 1.545601509861050493e+00
9.999978982291009011e-01 5.268943693711565729e-04 -1.981393223458799771e-03 1.520168456886080719e+02 -5.763751572561951093e-04 9.996858922647713364e-01 -2.505562352811097418e-02 2.013284287057801047e-01 1.967569506981228442e-03 2.505671609966175079e-02 9.996840950906533685e-01 1.563778073089438170e+00
9.999922171598174536e-01 1.323723227089157115e-03 -3.716634812366887645e-03 1.533089230415617976e+02 -1.403584158743701165e-03 9.997664054052270988e-01 -2.156766797739502819e-02 2.148484496053003068e-01 3.687217608911759568e-03 2.157271949031635064e-02 9.997604825532047101e-01 1.589802274723117748e+00
9.999912647542806843e-01 2.115137710528486314e-03 -3.605080474902563979e-03 1.547312384780190655e+02 -2.191790763272185357e-03 9.997687441614203641e-01 -2.139284883757291283e-02 2.187188286354262434e-01 3.558998546140529785e-03 2.140056628676213421e-02 9.997646470865444446e-01 1.612431019547469369e+00
9.999960253708518598e-01 2.754536932666716998e-03 -6.014716645399523784e-04 1.560265059284679410e+02 -2.768176736992298149e-03 9.997082442363658394e-01 -2.399506809658815201e-02 2.147764894174009620e-01 5.352009797947742840e-04 2.399664077636090923e-02 9.997118960492665796e-01 1.633449594825428619e+00
9.999910476543847349e-01 3.331050866391021756e-03 2.609350351650395732e-03 1.573232545786498235e+02 -3.253189899326771120e-03 9.995654939365773428e-01 -2.929572815250329476e-02 2.041035630728813000e-01 -2.705802559430095771e-03 2.928698092352006316e-02 9.995673823118020884e-01 1.649888278210754899e+00
9.999887139608123476e-01 3.377748155049838715e-03 3.341072538019679208e-03 1.587465846270084171e+02 -3.263390447847955463e-03 9.994279931273833961e-01 -3.366060544684495309e-02 1.895348668823301219e-01 -3.452859016901621992e-03 3.364932663480534741e-02 9.994277367881279073e-01 1.665072504652226115e+00
9.999876881092191194e-01 3.317617687172411990e-03 3.690127338378437760e-03 1.600414859908606502e+02 -3.184589436190874909e-03 9.993649751011446369e-01 -3.548949731720735939e-02 1.783941640644295945e-01 -3.805525204890497070e-03 3.547731337490649811e-02 9.993632366302480641e-01 1.678016771108441274e+00
9.999830041615613840e-01 4.180868334572280381e-03 4.063462086549467570e-03 1.614667716814970788e+02 -4.041231755600041900e-03 9.994209501668173123e-01 -3.378509041616585551e-02 1.697980895220427833e-01 -4.202360819659450158e-03 3.376809914055516754e-02 9.994208603621199671e-01 1.695602141040831956e+00
9.999788184862001827e-01 5.311320290697672981e-03 3.761974452622226985e-03 1.627634205671588745e+02 -5.196144854579535372e-03 9.995366675391574862e-01 -2.999083048529115059e-02 1.668573252164612941e-01 -3.919522927752063478e-03 2.997065130627110663e-02 9.995430945258919619e-01 1.709940861481826113e+00
9.999797812986028767e-01 6.222273619442875853e-03 1.311603086915938366e-03 1.641888445876768401e+02 -6.185512372456293886e-03 9.996328156848272029e-01 -2.638129820088105926e-02 1.573431278971797465e-01 -1.475273353549646626e-03 2.637265524397015837e-02 9.996510926189255963e-01 1.727794241801141384e+00
9.999759466770503646e-01 6.916326941326462509e-03 5.200831418738137641e-04 1.654889820167498158e+02 -6.902097305010001897e-03 9.996965895911616995e-01 -2.364507368599422579e-02 1.475708750041526129e-01 -6.834624817862214015e-04 2.364091830511767106e-02 9.997202809617330432e-01 1.741565424329353240e+00
9.999714157061478925e-01 7.323304661130359758e-03 1.880685039276803160e-03 1.667934482585275759e+02 -7.280764238115663804e-03 9.997378101303597830e-01 -2.170947248292494011e-02 1.368448735632211699e-01 -2.039177320639190202e-03 2.169516188583522215e-02 9.997625528005351647e-01 1.757331851151300306e+00
9.999737005187463446e-01 7.062530847760853728e-03 1.648916580762980078e-03 1.682290041021441027e+02 -7.028191595166717598e-03 9.997757361818627730e-01 -1.997702727533023567e-02 1.231155391517917419e-01 -1.789635417279070379e-03 1.996491554396652435e-02 9.997990796162653515e-01 1.775686233230162170e+00
9.999782844982166852e-01 6.558631221376794163e-03 -6.441165901030966199e-04 1.695348962853186379e+02 -6.569247094516035904e-03 9.998135490854307417e-01 -1.815796900114204429e-02 1.137600905645052007e-01 5.249051883854302918e-04 1.816180837757705793e-02 9.998349230812474397e-01 1.789914608690241771e+00
9.999754010818133754e-01 5.998544363971285154e-03 -3.635201877864016520e-03 1.709733086919673326e+02 -6.050318200590788613e-03 9.998779702138947956e-01 -1.440271375658724352e-02 1.064212746728971370e-01 3.548363563743570179e-03 1.442435543970209573e-02 9.998896675420319013e-01 1.808474501916307098e+00
9.999713738206358338e-01 5.795492163655967428e-03 -4.864545629722161202e-03 1.722805327715953752e+02 -5.842492662365534294e-03 9.999358482003223303e-01 -9.703847546225531639e-03 7.754423481968941712e-02 4.807995798288285105e-03 9.731992079813461469e-03 9.999410840736677741e-01 1.817008434370362746e+00
9.999732387716396831e-01 6.060759824896657690e-03 -4.097429218261635850e-03 1.735944405542749109e+02 -6.082186108936089158e-03 9.999677895354472934e-01 -5.237065055376211378e-03 5.263342179554453271e-02 4.065557335700034636e-03 5.261846905618696932e-03 9.999778918899804303e-01 1.835571055176449473e+00
9.999772122502786909e-01 6.591702184178488931e-03 -1.457545831821923819e-03 1.750489712852651678e+02 -6.594278497569923056e-03 9.999766915077730189e-01 -1.769722189972408296e-03 3.939323659040627756e-02 1.445846644677776204e-03 1.779293553076081828e-03 9.999973718266421674e-01 1.853999287272282803e+00
9.999772652401817119e-01 6.727186935337014888e-03 4.625541273344527726e-04 1.763732823373192105e+02 -6.726560077432355150e-03 9.999764730342517449e-01 -1.344156361627854394e-03 1.860692445195527567e-02 -4.715856794594480207e-04 1.341014576410792759e-03 9.999989896496973563e-01 1.867586750499332204e+00
9.999810271114395466e-01 5.886373068433125785e-03 1.815496301969964435e-03 1.778282421079652806e+02 -5.878395395900019166e-03 9.999731787032878350e-01 -4.368786768445239235e-03 -4.006668946859748281e-03 -1.841164187412073008e-03 4.358032232987301725e-03 9.999888087952301108e-01 1.864233161507621972e+00
