9.999999999999998890e-01 3.393715109730459906e-17 -2.240602065148039752e-18 -1.110223024625156540e-16 4.794029507916969058e-18 1.000000000000000000e+00 -4.198024784335067069e-18 0.000000000000000000e+00 -2.696982031502016539e-18 1.314189684629568044e-18 9.999999999999998890e-01 0.000000000000000000e+00
9.999983518202060218e-01 -1.550532719109961547e-03 -9.445661343195510149e-04 5.424311857654539049e-01 1.548734113201241961e-03 9.999969919384865680e-01 -1.901977194395875707e-03 -5.157990990581839963e-03 9.475125172140998545e-04 1.900511420948469135e-03 9.999977451453183619e-01 5.487591475289765874e-03
9.999933898217979733e-01 -2.762589131976753935e-03 -2.363982520063134633e-03 1.136561114327028665e+00 2.756841388543873617e-03 9.999932444360252193e-01 -2.431230759050826903e-03 -4.038691797931426297e-03 2.370683413502318055e-03 2.424697873448352671e-03 9.999942503464128718e-01 1.480287834224058852e-02
9.999835727324253298e-01 -4.508796449134907895e-03 -3.539070221437853360e-03 1.675599978934870560e+00 4.499947188107502466e-03 9.999867389282316443e-01 -2.504479503384027163e-03 2.860775424135153511e-03 3.550316032902625044e-03 2.488513050716425340e-03 9.999906012488851692e-01 2.918419954913986647e-02
9.999648472947155753e-01 -6.440674447698796837e-03 -5.368601569346089994e-03 2.213341593040833999e+00 6.416378523003819431e-03 9.999691513771848950e-01 -4.530599725638231531e-03 7.937502589254352703e-03 5.397616919161925438e-03 4.495994057954052700e-03 9.999753256058354633e-01 4.227191247443717881e-02
9.999386649358592560e-01 -8.076727090202450235e-03 -7.578445500894548555e-03 2.809736007794228385e+00 8.022677273156040081e-03 9.999423584093286577e-01 -7.135575124099435493e-03 1.166613424801055121e-02 7.635641961953524084e-03 7.074338945424869796e-03 9.999458239253335989e-01 5.355929310273799260e-02
9.999196220902291099e-01 -9.407501011600021695e-03 -8.499898307573102926e-03 3.360069660245657008e+00 9.337043831909841093e-03 9.999220345984696223e-01 -8.291215113320300409e-03 1.884351428623559643e-02 8.577236572535893930e-03 8.211185809913803743e-03 9.999295012857989384e-01 6.553332884426477101e-02
9.999112636486237049e-01 -1.084969056180562323e-02 -7.729749808038670865e-03 3.972736727384991617e+00 1.078367779549394175e-02 9.999054606868454931e-01 -8.531230327406378808e-03 2.964314569361048424e-02 7.821581470272051528e-03 8.447119246282837335e-03 9.999337323752531814e-01 8.225737304434987962e-02
9.998971809418408796e-01 -1.195654574961664204e-02 -7.916346756112576516e-03 4.534741387011050229e+00 1.188664888968301962e-02 9.998904653968807565e-01 -8.818429163561423978e-03 4.182054964174192202e-02 8.020918839202353587e-03 8.723424742473038368e-03 9.999297809485124811e-01 1.025423592473966306e-01
9.998570782643431132e-01 -1.319900312774235918e-02 -1.056453219496518783e-02 5.161102294347419850e+00 1.311260609981293110e-02 9.998803535709624990e-01 -8.205974574791384188e-03 5.517842973015107955e-02 1.067158054083940100e-02 8.066274244886262323e-03 9.999105223441490109e-01 1.216539745860705235e-01
9.997954057659338423e-01 -1.428311169169315699e-02 -1.432268458996709473e-02 5.737358092712488755e+00 1.419006383987502819e-02 9.998776831811210242e-01 -6.577286621742307708e-03 7.086669040094850658e-02 1.441487907814183698e-02 6.372701952488971956e-03 9.998757923022872918e-01 1.386171276847749656e-01
9.997179809310952070e-01 -1.543368421916112114e-02 -1.804882098359595136e-02 6.324498152777379367e+00 1.534320882149505481e-02 9.998690713709668110e-01 -5.140623596717313996e-03 8.609740533071075230e-02 1.812579950938203455e-02 4.862247634070802904e-03 9.998238915146643313e-01 1.521999454573050858e-01
9.996848654524462807e-01 -1.666944304254882117e-02 -1.876964019984686538e-02 6.985564165285864213e+00 1.660498937790926693e-02 9.998557020736686951e-01 -3.584596079432336799e-03 1.038635177528656750e-01 1.882668797960278598e-02 3.271797190183674698e-03 9.998174089567981593e-01 1.679629266361747364e-01
9.997620160953365476e-01 -1.772403087191203389e-02 -1.271887850852614077e-02 7.607004625750933613e+00 1.771062923564134528e-02 9.998424750923833315e-01 -1.165594406719366351e-03 1.221640220602245863e-01 1.273753598364417775e-02 9.400577918622086190e-04 9.999184324250812717e-01 1.831919473590211123e-01
9.998251598169464183e-01 -1.862634345989674575e-02 -1.645939378975898749e-03 8.309452561828015504e+00 1.862619021026069507e-02 9.998265115583243601e-01 -1.087756454109038674e-04 1.416260761060276208e-01 1.647680095887400775e-03 7.809905728995954546e-05 9.999986395250508586e-01 2.011678756914571098e-01
9.997983706992186193e-01 -1.936243503178949193e-02 5.321093885470077299e-03 8.958844224268627698e+00 1.935784835680585958e-02 9.998122031109747399e-01 9.122702578947295164e-04 1.592347986003106453e-01 -5.337759338071749494e-03 -8.090814919338246364e-04 9.999854267485243087e-01 2.181587018498835073e-01
9.997711487080049864e-01 -2.061404477661092291e-02 5.719383695748410899e-03 9.614322923532970577e+00 2.059596100864252016e-02 9.997827498290066117e-01 3.203057469098509642e-03 1.798388803680152082e-01 -5.784170171231757009e-03 -3.084528635783092849e-03 9.999785142866923771e-01 2.324271889393114687e-01
9.997682360764812426e-01 -2.142674416175480850e-02 -2.090156355731915411e-03 1.034422496568294925e+01 2.143790845547055221e-02 9.997551989101102210e-01 5.473426439652861845e-03 2.049238922016792808e-01 1.972367190229617259e-03 -5.516967183240138566e-03 9.999828362479993293e-01 2.369821703390417866e-01
9.997104301071957355e-01 -2.224935863753124340e-02 -9.166348752447477100e-03 1.102393179239540366e+01 2.229417296957851222e-02 9.997398537532083962e-01 4.816090572960084193e-03 2.233629692246208442e-01 9.056810597882998526e-03 -5.019052785291832838e-03 9.999463901916408881e-01 2.356992289894790371e-01
9.996858690763514854e-01 -2.363917482772861720e-02 -8.327818266943143657e-03 1.179945055991344738e+01 2.366094109357983963e-02 9.997168525147449580e-01 2.524817890187986205e-03 2.383805302293650619e-01 8.265776882123664765e-03 -2.721069132526554839e-03 9.999621356331179767e-01 2.374194133677437479e-01
9.997082280728202264e-01 -2.412760230822167534e-02 1.147829444087639875e-03 1.252934299037968380e+01 2.412551627986080430e-02 9.997073196617678459e-01 1.798475367935476691e-03 2.482388090122180091e-01 -1.190886708358173925e-03 -1.770258871181020583e-03 9.999977239751933755e-01 2.411847467452946647e-01
9.996525309648828239e-01 -2.464389581058708256e-02 9.353913593583314603e-03 1.334946697122065551e+01 2.463115415538052674e-02 9.996955188941047954e-01 1.475052706729381314e-03 2.614460864138036800e-01 -9.387418197449761206e-03 -1.244142642071768747e-03 9.999551632405671020e-01 2.434376126374616645e-01
9.996124395794984130e-01 -2.509200416079508320e-02 1.205661307511911133e-02 1.410668594911588691e+01 2.508610164935752909e-02 9.996850889638616566e-01 6.406500814600918055e-04 2.757544848936695492e-01 -1.206889359614825991e-02 -3.379484118196061102e-04 9.999271111532767042e-01 2.433588094020839865e-01
9.996163590970066348e-01 -2.531866641963411227e-02 1.122941285619912140e-02 1.487632448384923123e+01 2.533678612191796534e-02 9.996778851700064417e-01 -1.474169419886872017e-03 2.875743417827647530e-01 -1.118847363719921266e-02 1.758121326184375376e-03 9.999358614960806024e-01 2.389832402830144309e-01
9.996525370933303511e-01 -2.497427664230508076e-02 8.431521582066238071e-03 1.574287839671508493e+01 2.499443951409931544e-02 9.996849572319546073e-01 -2.294400335532418515e-03 3.050045378840380850e-01 -8.371565788854283194e-03 2.504344594339338956e-03 9.999618218621592058e-01 2.323875681107259172e-01
9.996905246599907535e-01 -2.434849677587014663e-02 5.099567266403797622e-03 1.654092261477768844e+01 2.434865083251696802e-02 9.997035271485942287e-01 3.205191433328041610e-05 3.169726909191727948e-01 -5.098836748852432141e-03 9.212560045380212075e-05 9.999869966065237925e-01 2.271850088795490663e-01
9.997293158138991220e-01 -2.326125735828528385e-02 -4.571569085623905905e-04 1.743464284978358236e+01 2.325988841190861772e-02 9.997255241289688676e-01 -2.802495931545009866e-03 3.232581498593929958e-01 5.222209788354879216e-04 2.791104279362097672e-03 9.999959685172604695e-01 2.264277564852553715e-01
9.997233899619210051e-01 -2.264445180199476174e-02 -6.353923649476341667e-03 1.825905066704848423e+01 2.260879760396322311e-02 9.997285453565456503e-01 -5.628305744716479569e-03 3.239054950437746383e-01 6.479649687278406581e-03 5.483095026942038340e-03 9.999639742877619586e-01 2.317715317226216598e-01
9.996929348645275937e-01 -2.140011517988071182e-02 -1.249283862382920100e-02 1.918921330356558741e+01 2.133788582463954850e-02 9.997593465227865295e-01 -5.093488830517322631e-03 3.358269807645266058e-01 1.259883536971563404e-02 4.825354650446070717e-03 9.999089885462459915e-01 2.383951284713607954e-01
9.996863618602820356e-01 -2.114629388453002565e-02 -1.341685979720387209e-02 2.005276260228481178e+01 2.109581792732322103e-02 9.997698804511668813e-01 -3.892631650590444060e-03 3.456091225959952995e-01 1.349608913885168640e-02 3.608371602459464235e-03 9.999024128876221607e-01 2.510361016520814559e-01
9.996888289045147147e-01 -2.140709326508910895e-02 -1.280553337021190369e-02 2.093614892859570986e+01 2.136351457747587626e-02 9.997655409491733591e-01 -3.530347337819437006e-03 3.566194225901351267e-01 1.287810746041915741e-02 3.255678012955278474e-03 9.999117735923789274e-01 2.687533140228554052e-01
9.996765833361603848e-01 -2.133574866014868038e-02 -1.383887704184081670e-02 2.192361721822065590e+01 2.130703630797642009e-02 9.997705168806176879e-01 -2.218957122384240897e-03 3.685900614681323906e-01 1.388304651711261793e-02 1.923374264441808775e-03 9.999017760264437005e-01 2.908116358729735396e-01
9.996483785942211764e-01 -2.113511879794540901e-02 -1.601330312408846476e-02 2.283608354399749629e+01 2.114304247587526359e-02 9.997764078731739001e-01 3.256244994494402996e-04 3.842068135302605381e-01 1.600284306133634496e-02 -6.640800371405949053e-04 9.998717257957728810e-01 3.111674868527140037e-01
9.996332769377090921e-01 -2.110448428199424020e-02 -1.696797945379683800e-02 2.386117754221547216e+01 2.117551016707508796e-02 9.997677033568812544e-01 4.017106472357132897e-03 3.963624888534177937e-01 1.687926152955561768e-02 -4.374939489389621274e-03 9.998479636620588584e-01 3.340990094239408292e-01
9.996378599056743308e-01 -2.099301212654066523e-02 -1.683574859211304023e-02 2.479858883280650872e+01 2.109219938630062588e-02 9.997610822440954337e-01 5.735644744988443143e-03 4.117508314347492204e-01 1.671132038718408166e-02 -6.088671384687845307e-03 9.998418174094391153e-01 3.564412151158415365e-01
9.996346034678083026e-01 -2.122034939780573226e-02 -1.674384265931050386e-02 2.583575921696352040e+01 2.133351622373157869e-02 9.997505684789619318e-01 6.609234795847398689e-03 4.290150212428562315e-01 1.659941854023357435e-02 -6.964025735902503421e-03 9.998379676881676836e-01 3.811880005465347887e-01
9.996289290391425775e-01 -2.140079179595808651e-02 -1.685260465297910848e-02 2.678640430650722237e+01 2.151525402079236537e-02 9.997464691018241867e-01 6.640138283215715927e-03 4.447800634056378044e-01 1.670623039125041648e-02 -7.000263287893082262e-03 9.998359356221515615e-01 4.041772966400563050e-01
9.996387131568751361e-01 -2.174952900162591130e-02 -1.579243794396517631e-02 2.774423046950603933e+01 2.186835646819834666e-02 9.997335388161046055e-01 7.390969607463377181e-03 4.621088002181967247e-01 1.562748219842990602e-02 -7.733655000687452569e-03 9.998479746193406070e-01 4.287166566215513952e-01
9.996606373505516618e-01 -2.208624224773147668e-02 -1.381332667243620298e-02 2.880757615189624588e+01 2.219979951609210231e-02 9.997205604196021111e-01 8.122195647632520984e-03 4.815856822740277599e-01 1.363008000910583169e-02 -8.426093439755375294e-03 9.998716026687710645e-01 4.551026438998295176e-01
9.996694403462811351e-01 -2.243177396888084915e-02 -1.256286262850315680e-02 2.978158216215546972e+01 2.254280169156266597e-02 9.997074386370773391e-01 8.766944589660643702e-03 5.000724429532067417e-01 1.236253100057167764e-02 -9.047249870903445110e-03 9.998826506356245369e-01 4.788518012625884168e-01
9.996581293733438622e-01 -2.247675262757778750e-02 -1.335739229726411528e-02 3.085943912179534010e+01 2.259361137697161320e-02 9.997071977035655310e-01 8.663006161679224701e-03 5.195645178175939405e-01 1.315876700457988512e-02 -8.961837412567043304e-03 9.998732581032984124e-01 5.043561747971279097e-01
9.996385980662051418e-01 -2.262083152627195753e-02 -1.452484740086818979e-02 3.184633456287657793e+01 2.276299639335387787e-02 9.996938499528084110e-01 9.698064802004245297e-03 5.395107052324952246e-01 1.430102454210307149e-02 -1.002519023552048485e-02 9.998474764702289797e-01 5.261647220316731932e-01
9.996403197434361454e-01 -2.293896743139131264e-02 -1.389369905620837543e-02 3.284053059813156494e+01 2.307253723794543132e-02 9.996883618002085914e-01 9.530865910686346990e-03 5.592330649631573891e-01 1.367074313604280111e-02 -9.848001996342548719e-03 9.998580537173046290e-01 5.502355268123970689e-01
9.996583857623538849e-01 -2.370551819077338848e-02 -1.100727709953070767e-02 3.394602595282235313e+01 2.380273292191004836e-02 9.996780628086864295e-01 8.786395073773604208e-03 5.799350297198163640e-01 1.079544903800664507e-02 -9.045397951089892766e-03 9.999008145787600110e-01 5.760805305222713724e-01
9.996810384549015271e-01 -2.407065968633806743e-02 -7.643603306182439328e-03 3.495882183444548019e+01 2.413926605484069746e-02 9.996679680989654093e-01 9.013849751444830832e-03 6.004642315577255474e-01 7.424097164826108652e-03 -9.195486830629642436e-03 9.999301604270192101e-01 5.986503292227385309e-01
9.996838323042031016e-01 -2.464756294784725688e-02 -4.973233316822634614e-03 3.608107011660197827e+01 2.469251870910371682e-02 9.996528509232061044e-01 9.190063069996248432e-03 6.240788493449874741e-01 4.744994855592427410e-03 -9.309960316817805434e-03 9.999454033021429877e-01 6.209933341473530266e-01
9.996737349362109226e-01 -2.516974550568411989e-02 -4.348283467465621430e-03 3.710314203082856466e+01 2.520861826866858252e-02 9.996405299387887133e-01 9.128886425821183120e-03 6.480570860263092925e-01 4.116949187083505761e-03 -9.235523388704838105e-03 9.999488765727903017e-01 6.409125469170852130e-01
9.996558177766732278e-01 -2.555117164964959553e-02 -5.948410631613363503e-03 3.823389025939430041e+01 2.560154476014039546e-02 9.996356464868324521e-01 8.551916375078657054e-03 6.655309892837015795e-01 5.727732629510423092e-03 -8.701262571781134131e-03 9.999457390464645545e-01 6.548605458619199959e-01
9.996454583631074753e-01 -2.587804678183512272e-02 -6.267714429760528130e-03 3.926536844277865868e+01 2.593241794196523772e-02 9.996253636453076297e-01 8.754550457659498672e-03 6.756577305590170113e-01 6.038816504190372414e-03 -8.913984735622512354e-03 9.999420350694897541e-01 6.648488691844851584e-01
9.996365501455489744e-01 -2.639590979356077130e-02 -5.479373603314547682e-03 4.029981159678329306e+01 2.644209384086688985e-02 9.996139142773979858e-01 8.534527084221659246e-03 6.947082226579774922e-01 5.251982212254466265e-03 -8.676312432543662606e-03 9.999485677840556086e-01 6.826366290737183595e-01
9.996237258030128414e-01 -2.723455354361072056e-02 -3.268926703145316401e-03 4.143697510346501645e+01 2.726145897372782637e-02 9.995922902703665569e-01 8.489180406058517356e-03 7.194219435611554081e-01 3.036395251100785890e-03 -8.575102954450884024e-03 9.999586230635206796e-01 7.058401003143653929e-01
9.996124817009550689e-01 -2.781884958821213491e-02 -9.990054240967796879e-04 4.247056639070595452e+01 2.782640221820573134e-02 9.995760196636206407e-01 8.571601482177582457e-03 7.445191048180117566e-01 7.601297595482295550e-04 -8.596079655696291927e-03 9.999627640776250770e-01 7.265948082422324372e-01
9.995986337190793103e-01 -2.832355090036905998e-02 -5.898364037313813838e-04 4.360329493794147027e+01 2.832807215699587738e-02 9.995474837769838805e-01 1.011672449020832587e-02 7.742851798830556742e-01 3.030278418784218314e-04 -1.012937420169022010e-02 9.999486506142839515e-01 7.495573904388972419e-01
9.995793128801929717e-01 -2.865007627331377094e-02 -4.513354032759246508e-03 4.462603777201574928e+01 2.869747092949736372e-02 9.995296732652892979e-01 1.081145418387895359e-02 8.058263561829313026e-01 4.201482836718219323e-03 -1.093642918939617334e-02 9.999313686290134395e-01 7.620351452639643197e-01
9.995472953080541956e-01 -2.866955107530144709e-02 -9.124760158529284307e-03 4.574854096323635133e+01 2.878056071747384786e-02 9.995103676602943299e-01 1.227617170839060377e-02 8.445833113147733773e-01 8.768341333538971424e-03 -1.253323154530791746e-02 9.998830102593956326e-01 7.720151984880955220e-01
9.995382319151114858e-01 -2.881329118911786155e-02 -9.649722982685007486e-03 4.677706966677806832e+01 2.893767975671921941e-02 9.994965650536284940e-01 1.300873817495354703e-02 8.776763793952299109e-01 9.270041779218789885e-03 -1.328197344779454697e-02 9.998688191014638571e-01 7.873992828629442498e-01
9.995650892554740485e-01 -2.865085767641474893e-02 -6.982883749885878712e-03 4.781099703084083785e+01 2.874051462753917860e-02 9.995011103078798032e-01 1.309631417884034137e-02 9.083189787270056215e-01 6.604180360268221799e-03 -1.329131182414063431e-02 9.998898567990314179e-01 8.036205569000890447e-01
9.995833442858685913e-01 -2.849409507126231950e-02 -4.606988784001129003e-03 4.894808040205973043e+01 2.855612569546358767e-02 9.994939874848667305e-01 1.401130990321842497e-02 9.424952513264190923e-01 4.205418537108460836e-03 -1.413703157022985941e-02 9.998912234246605246e-01 8.189128871373481111e-01
9.995899129163781094e-01 -2.844722685380765559e-02 -3.280435153288341604e-03 4.998273822485116114e+01 2.848440413246321190e-02 9.995233362216823236e-01 1.190542707630062695e-02 9.684894784502589005e-01 2.940195441833564575e-03 -1.199398758924092624e-02 9.999237467994549489e-01 8.301619946210280210e-01
9.996004805669790327e-01 -2.809657672022268168e-02 -3.075971762771990362e-03 5.111827275498455947e+01 2.813379143891732784e-02 9.995220902442868427e-01 1.280941149184614339e-02 1.001071174865064695e+00 2.714601416223032682e-03 -1.289083428005745324e-02 9.999132248477836660e-01 8.434022177878155446e-01
9.996012837391978767e-01 -2.763754016517909126e-02 -5.782723736025304102e-03 5.214848945318997409e+01 2.769831311657967171e-02 9.995589822603146990e-01 1.070721942330499221e-02 1.028263859062064745e+00 5.484253000998240250e-03 -1.086312336324214700e-02 9.999259549746745135e-01 8.514887307759783086e-01
9.995874605170852467e-01 -2.751602782565007455e-02 -8.232676259136730706e-03 5.317534022715323516e+01 2.761278764065423774e-02 9.995481009127960004e-01 1.187973244406754190e-02 1.059543662512705486e+00 7.902074021094071185e-03 -1.210216027518568396e-02 9.998955419700329417e-01 8.586681861136604699e-01
9.995714357473149958e-01 -2.739343956369550553e-02 -1.032202839583548117e-02 5.430826837508580951e+01 2.750537024662954091e-02 9.995626349215860351e-01 1.086248551351676889e-02 1.092085152274295812e+00 1.001995455492575224e-02 -1.114174287910033728e-02 9.998877246959930742e-01 8.729800792878329441e-01
9.995394506817016911e-01 -2.733099523469753253e-02 -1.318723563850520211e-02 5.533174297627291338e+01 2.745785363098009538e-02 9.995774716181027308e-01 9.536488511382343672e-03 1.126841156617807149e+00 1.292102390139149119e-02 -9.894190940571033141e-03 9.998675672647858725e-01 8.876528963007505046e-01
9.995071960894928997e-01 -2.716217683248045925e-02 -1.573470868996295138e-02 5.646259929310570413e+01 2.728684592434010847e-02 9.995974983009876524e-01 7.763344742180064081e-03 1.159828002962210558e+00 1.551750848961842670e-02 -8.188870555819679348e-03 9.998460627992187266e-01 9.091280302510691413e-01
9.995392881497767723e-01 -2.704460338156029417e-02 -1.377682200042243225e-02 5.749225053157525167e+01 2.713484108997264027e-02 9.996112588132171073e-01 6.405601714434669761e-03 1.193462307597113359e+00 1.359823150234399335e-02 -6.776483321113965959e-03 9.998845770097167795e-01 9.302256526486187838e-01
9.996062264312733925e-01 -2.708634436706068571e-02 -7.329529320510404233e-03 5.863808841612054579e+01 2.712424740581993732e-02 9.996189470327815352e-01 5.122109465023299071e-03 1.225686577136344768e+00 7.187998195974778202e-03 -5.318901160685382545e-03 9.999600201664786692e-01 9.487507582744515444e-01
9.996375709272377064e-01 -2.688058377041277827e-02 -1.470028935129324412e-03 5.968019272695170230e+01 2.688635926007492544e-02 9.996302490316908429e-01 4.060660850571090781e-03 1.257216440037516536e+00 1.360332544828644994e-03 -4.098713398811592613e-03 9.999906749593516775e-01 9.598482491628722579e-01
9.996420313562217608e-01 -2.675460846711321880e-02 7.076876844097209973e-06 6.072041918343458633e+01 2.675450720269854227e-02 9.996388776268834153e-01 2.512116026748004854e-03 1.284857426492876042e+00 -7.428514624077186353e-05 -2.511027750060177040e-03 9.999968445936840977e-01 9.686590714464833329e-01
9.996440730432405442e-01 -2.646947500584822394e-02 -3.330780765223808563e-03 6.185879083842743142e+01 2.646693516185719131e-02 9.996493655193682271e-01 -8.045949413270759134e-04 1.310497396104458145e+00 3.350910498360878953e-03 7.161530981056259170e-04 9.999941292489387124e-01 9.714752849042345151e-01
9.996304646540568051e-01 -2.640841681355174386e-02 -6.444348775797847755e-03 6.289419668940882246e+01 2.639153217767724324e-02 9.996480599222348218e-01 -2.691341032418385990e-03 1.332214472011918671e+00 6.513155735584293636e-03 2.520270571698824368e-03 9.999756132380700491e-01 9.758553366724296296e-01
9.995956016629596874e-01 -2.641861452503922389e-02 -1.052092709418165316e-02 6.403293557241318013e+01 2.641280768805966475e-02 9.996508823938318189e-01 -6.906037067106028269e-04 1.362120356176954150e+00 1.053550042927436925e-02 4.124372564976746982e-04 9.999444150290166533e-01 9.867079566887546616e-01
9.995403475543848115e-01 -2.633476070785754908e-02 -1.501911903191438004e-02 6.507032459949581948e+01 2.631657152705487238e-02 9.996526681700756978e-01 -1.407512087501955420e-03 1.387042784634633596e+00 1.505097122555407174e-02 1.011613529799872124e-03 9.998862160012463862e-01 9.972564832662560441e-01
9.995378797503222668e-01 -2.579264436666007035e-02 -1.608621719844026063e-02 6.611228228234089954e+01 2.582323548114565451e-02 9.996650846113485089e-01 1.696807232959714499e-03 1.414623570667369545e+00 1.603706701196250251e-02 -2.111421549649446228e-03 9.998691686421917746e-01 1.010409806317073222e+00
9.996187171895978274e-01 -2.473933680861018988e-02 -1.226317330282153915e-02 6.726452678207439817e+01 2.482378851208035669e-02 9.996688316425089704e-01 6.782819919521867330e-03 1.449437549745480336e+00 1.209131150556178209e-02 -7.084653074511199945e-03 9.999017990964286229e-01 1.030199699629235521e+00
9.996483520163770287e-01 -2.462709547704447499e-02 -9.832519942892173695e-03 6.831056363267562404e+01 2.470856158174739026e-02 9.996606415346784846e-01 8.251596342613942356e-03 1.476607624743482949e+00 9.625971786924487905e-03 -8.491643196800482268e-03 9.999176129075276753e-01 1.046772728403810415e+00
9.996471948495756488e-01 -2.479866475207297832e-02 -9.513780828798810291e-03 6.945595813299453880e+01 2.486997979220646401e-02 9.996629171965009109e-01 7.452259552849042727e-03 1.501315361747524779e+00 9.325769204794324974e-03 -7.686238878014666799e-03 9.999269731864187660e-01 1.058873108070620184e+00
9.996591169919442077e-01 -2.464957329175931564e-02 -8.605133573297077398e-03 7.049923919410890960e+01 2.470189246578538209e-02 9.996766907235050681e-01 6.027487531028628831e-03 1.522105066940170559e+00 8.453777711253418134e-03 -6.237996745451954497e-03 9.999448089736707734e-01 1.072635505978496884e+00
9.996627824209308733e-01 -2.497545316517723463e-02 -7.109722701807489470e-03 7.164589280863523868e+01 2.500999932608245074e-02 9.996756189759848921e-01 4.812153580268704184e-03 1.545521736735024687e+00 6.987231739312436789e-03 -4.988345635677556532e-03 9.999631468018159719e-01 1.086620864871959080e+00
9.996661808084262857e-01 -2.528389826163359236e-02 -5.315205963857581352e-03 7.268685050173044715e+01 2.530162607282624918e-02 9.996744331269133976e-01 3.294771750565218208e-03 1.568630195421766516e+00 5.230171560827005101e-03 -3.428155684656182013e-03 9.999804463217089046e-01 1.103820304639100192e+00
9.996569021891146267e-01 -2.598506301725166459e-02 -3.294599301798875439e-03 7.372268044925759511e+01 2.599220359240733344e-02 9.996598483884580055e-01 2.143108342826387409e-03 1.595521458786350877e+00 3.237790231349058773e-03 -2.228007227356752513e-03 9.999922763093284095e-01 1.123950372369675321e+00
9.996363873183800042e-01 -2.659459437751683294e-02 -4.452041751492780662e-03 7.485769784650295833e+01 2.660095125902108698e-02 9.996451870454643451e-01 1.374570380662728424e-03 1.624530018849843493e+00 4.413906554076563703e-03 -1.492499305471150324e-03 9.999891448726693222e-01 1.143338733597854873e+00
9.996002197660689426e-01 -2.705439867498315304e-02 -8.213411317678057794e-03 7.588206749276908170e+01 2.706752767798097439e-02 9.996324947890161683e-01 1.491423478783571351e-03 1.654467149302123685e+00 8.170044475841945278e-03 -1.713144194253180593e-03 9.999651571449957865e-01 1.159692764405384491e+00
9.995595456610264495e-01 -2.771332813083692351e-02 -1.061537016200163157e-02 7.701059291249742955e+01 2.773713872438593811e-02 9.996130408938437295e-01 2.102297315611895492e-03 1.688374122244267861e+00 1.055300237183131977e-02 -2.395811650911070564e-03 9.999414453966668503e-01 1.180111300463776214e+00
9.995603467454144964e-01 -2.821460311193066742e-02 -9.113141648894530072e-03 7.803520051483980069e+01 2.825306924990673985e-02 9.995923116444626055e-01 4.120029390743356820e-03 1.725163294005735093e+00 8.993182656273156217e-03 -4.375692788167315737e-03 9.999499867243876183e-01 1.204462964678844283e+00
9.995713063636075812e-01 -2.881228387949516523e-02 -5.201515565894417568e-03 7.906212250206387182e+01 2.883875268829722005e-02 9.995711310634911584e-01 5.087274347901168947e-03 1.760188150465770596e+00 5.052709484194004182e-03 -5.235099355998082578e-03 9.999735315582914952e-01 1.227796963965159582e+00
9.995645670738139144e-01 -2.949598885165633649e-02 -8.141656235332669521e-04 8.018799564962954207e+01 2.950081058668726705e-02 9.995420782193528142e-01 6.733211058904875999e-03 1.799907155745873455e+00 6.151900355360552693e-04 -6.754298606228226198e-03 9.999770002008039338e-01 1.251439111449473174e+00
9.995529554410764739e-01 -2.989630156229761485e-02 3.168505634116199608e-04 8.120735536152196232e+01 2.989288972134853187e-02 9.995221817091608507e-01 7.862792937792222742e-03 1.833997586421698633e+00 -5.517678323791191811e-04 -7.849807343411965843e-03 9.999690375242823448e-01 1.265387829589289748e+00
9.995345318979144134e-01 -3.043603318238966710e-02 -2.089832343191683640e-03 8.231956432485803532e+01 3.045119451500996610e-02 9.995069606998744360e-01 7.652474231559480179e-03 1.870419463886846323e+00 1.855891165728943727e-03 -7.712551125976147698e-03 9.999685355824298183e-01 1.277125381101720247e+00
9.995135112083867179e-01 -3.103199892021500650e-02 -3.123447566342655614e-03 8.332621313742782831e+01 3.105446312296245362e-02 9.994901491793332093e-01 7.420384743513046624e-03 1.902882261948702691e+00 2.891586019796188803e-03 -7.513772757217002801e-03 9.999675904164685436e-01 1.290430862521531052e+00
9.994976185757107334e-01 -3.156326609376193526e-02 -2.875876188812916991e-03 8.442228890499943361e+01 3.158281834099836011e-02 9.994764333969557990e-01 7.027429386952980910e-03 1.938359138910597856e+00 2.652562127983640848e-03 -7.114728121499713787e-03 9.999711718319627130e-01 1.301862400384922624e+00
9.994763636061887446e-01 -3.224865366925645793e-02 -2.650074837942389613e-03 8.540654246852693632e+01 3.226359472074847440e-02 9.994625501865980199e-01 5.802698990557302212e-03 1.968828720762024531e+00 2.461521566703006939e-03 -5.885162178550495775e-03 9.999796526553695886e-01 1.313419698086973897e+00
9.994584679796365556e-01 -3.288498432075827316e-02 -1.161273697055848148e-03 8.637845992493552671e+01 3.288978086466582545e-02 9.994493656410707860e-01 4.384963954974269336e-03 2.000064809664624299e+00 1.016434791812519502e-03 -4.420783958215271196e-03 9.999897116912648265e-01 1.323637719166890880e+00
9.994407379419555371e-01 -3.340358555662439194e-02 1.552990089102645370e-03 8.742816283972780411e+01 3.339617192042104721e-02 9.994317089514155317e-01 4.577654514373283995e-03 2.037646481518948782e+00 -1.705018055226486780e-03 -4.523231058982132499e-03 9.999883165580799593e-01 1.336930723122535802e+00
9.994066364618521270e-01 -3.432190990221947735e-02 2.895074665060189730e-03 8.836344503092152536e+01 3.431063634462414719e-02 9.994037696894356726e-01 3.858165005881535915e-03 2.071409909950887140e+00 -3.025768787167116506e-03 -3.756544336204069908e-03 9.999883664644357850e-01 1.349434890400481590e+00
9.993294636209884008e-01 -3.649725982713324796e-02 2.927988994086883848e-03 8.936780929217087532e+01 3.648914272973113188e-02 9.993301833186356564e-01 2.779791282985007595e-03 2.112081156833956364e+00 -3.027483215711026382e-03 -2.671087863029850649e-03 9.999918497723712107e-01 1.366126160975309922e+00
9.992116606840294457e-01 -3.962789132389111374e-02 2.384812459446498251e-03 9.026054171473916199e+01 3.962333133156623055e-02 9.992128226456582496e-01 1.930477424952499509e-03 2.148545721001724917e+00 -2.459436534624631198e-03 -1.834461571449723383e-03 9.999952929419668735e-01 1.381040954250547959e+00
9.990762952245700879e-01 -4.294600201817546509e-02 1.482285735539474883e-03 9.113068276867035422e+01 4.294304601221696216e-02 9.990755747540434051e-01 1.972512858760140306e-03 2.189241083553473466e+00 -1.565627481386303423e-03 -1.907037215418175367e-03 9.999969559962375021e-01 1.396349281306349166e+00
9.989305231901717264e-01 -4.621736311645812528e-02 1.328576660889476757e-03 9.206576249453534899e+01 4.621522687350527320e-02 9.989302287702708227e-01 1.597165646778247279e-03 2.233484082200371201e+00 -1.400972628877362623e-03 -1.534057235754354319e-03 9.999978419624809822e-01 1.412781670435689030e+00
9.987811472891259257e-01 -4.927949682079654781e-02 2.784049512376184261e-03 9.289392083120608845e+01 4.927227915107793704e-02 9.987819869639289472e-01 2.604827616981618670e-03 2.280747287142148139e+00 -2.909023814819137240e-03 -2.464476561816133279e-03 9.999927319304225959e-01 1.435634622168929564e+00
9.986145435869375753e-01 -5.249025326580566281e-02 3.710330843536892211e-03 9.377750602908643884e+01 5.247665665159508691e-02 9.986153997524617187e-01 3.672057703428180560e-03 2.332445907969946219e+00 -3.897941650804944043e-03 -3.472264908809851239e-03 9.999863746057686686e-01 1.454277879117343630e+00
9.984551246662395352e-01 -5.532421727915562415e-02 5.157024633110497691e-03 9.455791110644680941e+01 5.530082675271622006e-02 9.984592642395697659e-01 4.573440355288371437e-03 2.383756808123439264e+00 -5.402102180755765162e-03 -4.281187776125168140e-03 9.999762440619874848e-01 1.470981910354024702e+00
9.982863542451991812e-01 -5.821357646137795966e-02 5.961067282775336582e-03 9.538739102550876225e+01 5.817669353546513905e-02 9.982871437374515322e-01 6.184750965003595405e-03 2.439877196642351365e+00 -6.310894618482035603e-03 -5.827358047284358217e-03 9.999631065498660876e-01 1.484762974112925571e+00
9.981441595247705356e-01 -6.055755487817542776e-02 6.404625111000958153e-03 9.611468469804297854e+01 6.050435440112877927e-02 9.981342679080091873e-01 8.197958185109419094e-03 2.495474398215159262e+00 -6.889125518465912847e-03 -7.795237365179573212e-03 9.999458856172196430e-01 1.501267358317040390e+00
9.979881983689261604e-01 -6.316511918728631714e-02 5.451925796831678592e-03 9.681250619156298853e+01 6.310831530934640776e-02 9.979562931706430495e-01 1.002884224232123735e-02 2.550416454960501067e+00 -6.074257974024648704e-03 -9.664605577679376280e-03 9.999348472334601556e-01 1.518380648277477984e+00
9.978290451708891062e-01 -6.583502376521650767e-02 1.716425041985107820e-03 9.754675824036856113e+01 6.581107103394007174e-02 9.977658196367970023e-01 1.150097095397299533e-02 2.609525128086298551e+00 -2.469757661590212677e-03 -1.136304454069184990e-02 9.999323884248932925e-01 1.536721660071455275e+00
9.976718423104253830e-01 -6.816169234618355000e-02 -2.208756474349273489e-03 9.818464655890443282e+01 6.818566313409711588e-02 9.975784785245250808e-01 1.370747212447114352e-02 2.663044342818174481e+00 1.269083295167564712e-03 -1.382616625301794772e-02 9.999036085754514636e-01 1.550586349354436955e+00
9.975058373426318736e-01 -7.039360888741304223e-02 -5.181132230240172165e-03 9.885480688129824500e+01 7.046748155044571527e-02 9.973887315491802852e-01 1.581304874232320953e-02 2.719214494979891317e+00 4.054465646342960208e-03 -1.613871182225123241e-02 9.998615419972717300e-01 1.570263980117298619e+00
9.974314476564349885e-01 -7.133411225910694931e-02 -6.476996547325269797e-03 9.943661604663078890e+01 7.143699802129031828e-02 9.972940956346321162e-01 1.735633680212371466e-02 2.767738201513114227e+00 5.221372033053557453e-03 -1.777445559699687358e-02 9.998283882102272369e-01 1.590378490237815967e+00
9.974816710662623986e-01 -7.065749780581313810e-02 -6.150912484214684540e-03 9.999496245820819240e+01 7.076615983970763191e-02 9.972976998977503005e-01 1.973445490296214799e-02 2.815883109185902455e+00 4.739904090733733540e-03 -2.012003607550103337e-02 9.997863358306621206e-01 1.610622461926537685e+00
9.976902347682670147e-01 -6.777761196363106533e-02 -4.515596661218920956e-03 1.005872549446005166e+02 6.786588035113605422e-02 9.974142401101527833e-01 2.364436979616182585e-02 2.867016487838341732e+00 2.901361628828935408e-03 -2.389621484496977366e-02 9.997102344453198119e-01 1.635323788697211622e+00
9.980249021795707387e-01 -6.275041048683999145e-02 -2.946266216655224913e-03 1.011041964260464425e+02 6.280653631736290987e-02 9.976745418097199281e-01 2.647353247105780835e-02 2.906614473889273409e+00 1.278189666855616838e-03 -2.660629282850078201e-02 9.996451726691609752e-01 1.655105164151975172e+00
9.984740997100021165e-01 -5.521552140703939876e-02 -8.475288839839142333e-04 1.016484628000983150e+02 5.521801020917636166e-02 9.980987464373374252e-01 2.738364443137434462e-02 2.939442929688340200e+00 -6.660850685578619326e-04 -2.738866207854350615e-02 9.996246382245085327e-01 1.672988852945085814e+00
9.989295286916710648e-01 -4.622031373513815766e-02 1.865270990317020481e-03 1.021228826422563714e+02 4.615229762568891919e-02 9.985612724618050384e-01 2.730111364074576386e-02 2.960840741197175774e+00 -3.124454146293454380e-03 -2.718580551549113974e-02 9.996255146765011812e-01 1.686221328218284521e+00
9.994169685847331674e-01 -3.393716786482330744e-02 3.740521686956393803e-03 1.026220279936269577e+02 3.382446998949770189e-02 9.990651752508455941e-01 2.691990044407923527e-02 2.978513292174176375e+00 -4.650611057154438108e-03 -2.677768755812685170e-02 9.996305953183745041e-01 1.706623126059689133e+00
9.997657576347984687e-01 -2.120849204587418879e-02 4.316214630591034759e-03 1.030530655678479945e+02 2.108802123020327157e-02 9.994325003591565393e-01 2.626733276873377890e-02 2.986853087216883917e+00 -4.870856593443685482e-03 -2.617016276964475793e-02 9.996456357978218410e-01 1.722996290482745829e+00
9.999778219292819736e-01 -5.315494420994383920e-03 4.012625722998035271e-03 1.035083959098201234e+02 5.209331536287068777e-03 9.996478604315324201e-01 2.601957283689918660e-02 2.986598998252949055e+00 -4.149520312105300229e-03 -2.599809600263965070e-02 9.996533800862390517e-01 1.743638957098842646e+00
9.999291801153971093e-01 1.175330559030567101e-02 1.869372843737583060e-03 1.039105619882812306e+02 -1.179605147350756833e-02 9.996231096075933742e-01 2.478895078059172724e-02 2.976409031772919711e+00 -1.577316378024992433e-03 -2.480924962279243765e-02 9.996909587668060260e-01 1.757417678572202657e+00
9.994933817074611593e-01 3.177534375896074598e-02 -1.818629235660557900e-03 1.043040138574305047e+02 -3.172178137971516654e-02 9.992007120966750477e-01 2.432418004657819002e-02 2.957952041994810877e+00 2.590085389538269479e-03 -2.425416991397511338e-02 9.997024690055543727e-01 1.774978330298158991e+00
9.983394437901240703e-01 5.726114663102043617e-02 -6.286169695321977384e-03 1.047271060764162485e+02 -5.710827140952463160e-02 9.981194585851108636e-01 2.227536770918372988e-02 2.922341576075035974e+00 7.549862901207772536e-03 -2.187938871496764720e-02 9.997321100041359765e-01 1.788259163714473576e+00
9.965069249150972919e-01 8.308681301596121394e-02 -8.398204115517282631e-03 1.051061506227310218e+02 -8.290368358009439498e-02 9.963527289253940600e-01 2.020443531986868338e-02 2.878310691619291539e+00 1.004629777320526461e-02 -1.943762012261270392e-02 9.997605966914973052e-01 1.806141821613470588e+00
9.934001745631673153e-01 1.143292734199271854e-01 -9.214658282277049528e-03 1.055122319342315507e+02 -1.141556890257373336e-01 9.933075791146631639e-01 1.756509420674741764e-02 2.815862541638672667e+00 1.116119674972615612e-02 -1.639726404954649705e-02 9.998032593018578718e-01 1.819376117987486108e+00
9.893771674355494872e-01 1.450008954180206089e-01 -1.037111894143750643e-02 1.058738959801766839e+02 -1.448337872763415801e-01 9.893365489770686860e-01 1.537425722907327479e-02 2.746500692404160393e+00 1.248981083550398247e-02 -1.370885233312004250e-02 9.998280211646777271e-01 1.834685940782452729e+00
9.831838650471381724e-01 1.822252252678207285e-01 -1.197721049464864004e-02 1.062611020981878625e+02 -1.820737279694146227e-01 9.832025854561553535e-01 1.272143107213261071e-02 2.654833362463769664e+00 1.409419316086436141e-02 -1.032677163961120102e-02 9.998473440728864459e-01 1.851384996113560000e+00
9.757136321837551751e-01 2.186951015901758000e-01 -1.246430011792826545e-02 1.066066321186320920e+02 -2.185856761199701792e-01 9.757708322017314417e-01 9.570108722795551623e-03 2.556644503100765853e+00 1.425523979773264845e-02 -6.613168794968268295e-03 9.998765194308565363e-01 1.869001335846673051e+00
9.653395453541508964e-01 2.606565092165862851e-01 -1.333206406069099501e-02 1.069749748318000684e+02 -2.605809326078114552e-01 9.654255053679979826e-01 7.153571873931726527e-03 2.433788778186017243e+00 1.473574344135845926e-02 -3.431544395517445965e-03 9.998855346339760031e-01 1.883369930960249183e+00
9.537737097882550419e-01 3.002102280347592744e-01 -1.376685412364114791e-02 1.073014790757374897e+02 -3.001294643910942805e-01 9.538678170065422179e-01 7.648235308184192331e-03 2.313038796879380854e+00 1.542784154861141441e-02 -3.162847377651988555e-03 9.998759813643793848e-01 1.899079421771828979e+00
9.395079103840786594e-01 3.422801510075774711e-01 -1.300693598202225763e-02 1.076191298178447084e+02 -3.421710902294141654e-01 9.395853442825664592e-01 9.916148211351871397e-03 2.181240120159595008e+00 1.561523136074835158e-02 -4.865702534568443725e-03 9.998662357945699020e-01 1.910760905597913339e+00
9.211381334683996780e-01 3.890677900669477496e-01 -1.143627782461903268e-02 1.079576622215492563e+02 -3.889711171701376036e-01 9.211976824949127396e-01 9.813518013186835545e-03 2.017396777339173219e+00 1.435320065106955069e-02 -4.591224090991750245e-03 9.998864466939884066e-01 1.923332672003069899e+00
9.021884767048097276e-01 4.312281847740169760e-01 -9.909521185277481853e-03 1.082538582200053270e+02 -4.311506886876851907e-01 9.022344696244317674e-01 9.058257209087637943e-03 1.851190224477827329e+00 1.284689162384850154e-02 -3.899758392941755653e-03 9.999098705630973249e-01 1.932631881547302921e+00
8.782618178871958170e-01 4.780654950930256497e-01 -1.046678589232665976e-02 1.085644652006667030e+02 -4.780079543723969038e-01 8.783225860697589926e-01 7.605155008781187310e-03 1.653882290629185903e+00 1.282898109486180563e-02 -1.676109949192397921e-03 9.999163004518270004e-01 1.942996940357245350e+00
8.544792791028339440e-01 5.193454793962112293e-01 -1.205923425096857605e-02 1.088342783611249160e+02 -5.192880233461245609e-01 8.545643005694361083e-01 7.733980629194545965e-03 1.462688595167525918e+00 1.432200385436537861e-02 -3.463095856735725134e-04 9.998973748862127753e-01 1.952651492468358896e+00
