1.000000000000000000e+00 -1.277875783221714849e-17 -3.107915240510286144e-18 -5.939693181744587491e-14 -3.198286454939036931e-18 1.000000000000000000e+00 -9.401806711256228796e-18 -4.314326673693358316e-13 3.387840514573957800e-19 4.783636636583182618e-18 9.999999999999998890e-01 2.910061080996229066e-11
9.999997951305851229e-01 -6.282608648550351950e-04 -1.225852315456205197e-04 1.091083277461237344e+00 6.283405449156587294e-04 9.999995907800979245e-01 6.508718171848925857e-04 9.545355074287442676e-03 1.221762808915611404e-04 -6.509487924526996408e-04 9.999997806660935185e-01 1.847289227244375276e-02
9.999991805212382623e-01 -1.256363255115505034e-03 -2.459843957864986082e-04 2.182165521077733317e+00 1.256682438609041299e-03 9.999983633284170725e-01 1.301576853122134603e-03 1.909083420684548615e-02 2.443487734602969755e-04 -1.301885077455102249e-03 9.999991226877418260e-01 3.694542684542090338e-02
9.999981561705767463e-01 -1.884306132457185283e-03 -3.701971770959921744e-04 3.273246732520782132e+00 1.885025400672574571e-03 9.999963179675426250e-01 1.952114065649403251e-03 2.863644275630361502e-02 3.665174839140437793e-04 -1.952808547376674690e-03 9.999980260904911544e-01 5.541760342615031920e-02
9.999967220774147458e-01 -2.512088459106618168e-03 -4.952232585229184979e-04 4.364326910425011974e+00 2.513369150697419060e-03 9.999934550213858131e-01 2.602482413161871615e-03 3.818217303625676129e-02 4.886824184625507923e-04 -2.603718894626984564e-03 9.999964909001073377e-01 7.388942222103644930e-02
9.999948782407658276e-01 -3.139709197842604788e-03 -6.210623217924246542e-04 5.455406055181715175e+00 3.141713408273514793e-03 9.999897748151831411e-01 3.252680854613841047e-03 4.772802761186112352e-02 6.108435833174807091e-04 -3.254615811655878991e-03 9.999945171425766999e-01 9.236088295186872799e-02
9.999926246598404012e-01 -3.767167311998025157e-03 -7.477140473069190333e-04 6.546484166599617183e+00 3.770057892989856808e-03 9.999852776754949435e-01 3.902708349520458541e-03 5.727400718286368431e-02 7.330009846924013302e-04 -3.905498990953613740e-03 9.999921048441052784e-01 1.108319855446391333e-01
9.999899613340474946e-01 -4.394461765461508095e-03 -8.751781141469623920e-04 7.637561244366740887e+00 4.398402324434444628e-03 9.999799639302062726e-01 4.552563857959392689e-03 6.682010546195937817e-02 8.551546288027952114e-04 -4.556368125051050988e-03 9.999892540311199340e-01 1.293027300254514511e-01
9.999868882629943112e-01 -5.021591522679446327e-03 -1.003454200072155652e-03 8.728637288412132378e+00 5.026746422194999786e-03 9.999738339085236793e-01 5.202246340572517884e-03 7.636632454611952392e-02 9.773045218660150486e-04 -5.207222906519776845e-03 9.999859647302667964e-01 1.477731163125238778e-01
9.999834054464852295e-01 -5.648555548656068910e-03 -1.132541981522106793e-03 9.819712299364317332e+00 5.655089905857404141e-03 9.999668879409762123e-01 5.851754758567619986e-03 8.591266560273230768e-02 1.099450670101360548e-03 -5.858063027972263553e-03 9.999822369684125967e-01 1.662431441663702048e-01
9.999795128845239134e-01 -6.275352808957660074e-03 -1.262441133617245954e-03 1.091078627633201492e+01 6.283432495008298493e-03 9.999591263594126422e-01 6.501088073720019157e-03 9.545912094562153394e-02 1.221593079729977162e-03 -6.508888182062028648e-03 9.999780707726431128e-01 1.847128137663803793e-01
9.999752105773109800e-01 -6.901982269712501547e-03 -1.393151330159812925e-03 1.200185921971704772e+01 6.911773909233592458e-03 9.999505494970031272e-01 7.150245248374331036e-03 1.050056959342073326e-01 1.343731756974915828e-03 -7.159698061483837049e-03 9.999734661702649463e-01 2.031821248478054009e-01
9.999704985252455547e-01 -7.528442897613020143e-03 -1.524672243634736871e-03 1.309293112909787382e+01 7.540113868119055138e-03 9.999411576882353270e-01 7.799225245446077433e-03 1.145523842805710735e-01 1.465866708061095130e-03 -7.810492358973793008e-03 9.999684231888034125e-01 2.216510774956658159e-01
9.999634294715193938e-01 -8.354602574352634065e-03 -1.827657970102831075e-03 1.412636008792911468e+01 8.371338251263068381e-03 9.999212534879088343e-01 9.349203271085458275e-03 1.242141341303896196e-01 1.749405414362461978e-03 -9.364162507567927451e-03 9.999546249506539031e-01 2.400260249364970511e-01
9.999598451891437145e-01 -8.780853524451350325e-03 -1.790144904740362730e-03 1.527507184628782966e+01 8.796788298213334065e-03 9.999199305761674594e-01 9.096649561368793518e-03 1.336461047820212134e-01 1.710125456666276248e-03 -9.112032979310310740e-03 9.999570221998339559e-01 2.585879068671458336e-01
9.999546836504235037e-01 -9.409446449480909219e-03 -1.446706952313368214e-03 1.653936676437939113e+01 9.421403312121599469e-03 9.999195516725591926e-01 8.492786311861164061e-03 1.437634236127997012e-01 1.366678325323536849e-03 -8.506032548300363622e-03 9.999628890743755827e-01 2.786932331485184600e-01
9.999506737047335614e-01 -9.878136705488009192e-03 -1.035649765036841634e-03 1.768891576954057143e+01 9.886256620250669785e-03 9.999178975040308170e-01 8.152315961189133750e-03 1.537138642547115630e-01 9.550351509767140068e-04 -8.162153581783819153e-03 9.999662329722114329e-01 2.962193398634221930e-01
9.999418605294915219e-01 -1.059061400657375536e-02 -2.028411397081373354e-03 1.895217746620335930e+01 1.060725923348394654e-02 9.999086362835430952e-01 8.378855154585151260e-03 1.661127317385109881e-01 1.939489116583837606e-03 -8.399884973174370772e-03 9.999628394299598932e-01 3.155970170856438606e-01
9.999343653599813697e-01 -1.104655170078493523e-02 -3.039517021881966985e-03 2.010045653393499876e+01 1.107092605864925909e-02 9.999057246095311990e-01 8.122595900041862035e-03 1.779857507534311489e-01 2.949504220105112016e-03 -8.155714088666769779e-03 9.999623916336172202e-01 3.330048604381903865e-01
9.999268279415429728e-01 -1.184428166438269113e-02 -2.460030607692773475e-03 2.125093418740766893e+01 1.186530554051336978e-02 9.998916268752222614e-01 8.714878612719972537e-03 1.915045672356862627e-01 2.356542854622456235e-03 -8.743431061150379324e-03 9.999589986809952480e-01 3.516270789563651356e-01
9.999176483488591005e-01 -1.261584151606825153e-02 -2.353095582258058101e-03 2.251601068986562026e+01 1.263644165284095316e-02 9.998800558566119934e-01 8.955128414080493551e-03 2.068318141796077758e-01 2.239837163707199437e-03 -8.984126849512106758e-03 9.999571333394058348e-01 3.730745804888149220e-01
9.999042049429837098e-01 -1.348352758298756310e-02 -3.126566095053435503e-03 2.366515045691507169e+01 1.351103444189439944e-02 9.998686655747135443e-01 8.950063306036294686e-03 2.209258186049140038e-01 3.005477466348460171e-03 -8.991450227383049679e-03 9.999550594155169891e-01 3.928132559016152547e-01
9.998931342571385494e-01 -1.436514485372584853e-02 -2.713424523079699651e-03 2.493091113402852343e+01 1.438948957007612356e-02 9.998543604488757675e-01 9.176086680579712343e-03 2.385279100254178442e-01 2.581213875968543098e-03 -9.214152044549733453e-03 9.999542172808033591e-01 4.119729278321039856e-01
9.998861832171473951e-01 -1.507390681955365908e-02 -6.308237384369234533e-04 2.608391666572115142e+01 1.507864622505770795e-02 9.998515340481901603e-01 8.339326664047541984e-03 2.541695828641885591e-01 5.050238575509697486e-04 -8.347890545074076324e-03 9.999650281888331493e-01 4.301348282104933141e-01
9.998728631163186220e-01 -1.594090497286823963e-02 -3.809794354713444626e-04 2.723521920561456611e+01 1.594337047972998675e-02 9.998431514951593435e-01 7.712419957336708910e-03 2.704090336306078091e-01 2.579766893022836390e-04 -7.717514508222350460e-03 9.999701862301245692e-01 4.453992192769505865e-01
9.998574842336145352e-01 -1.678260321298201754e-02 -1.831786965183396492e-03 2.849984257956574396e+01 1.679512384088962737e-02 9.998341106268681111e-01 7.048057414852073634e-03 2.893072253744770062e-01 1.713198536146650058e-03 -7.077818950293112907e-03 9.999734843316822053e-01 4.641665047739490513e-01
9.998395301606560759e-01 -1.772170869396528722e-02 -2.618197809302497472e-03 2.964970026445557139e+01 1.773847994243306012e-02 9.998213536448747885e-01 6.527418556353472949e-03 3.068645085037604026e-01 2.502053387205006516e-03 -6.572814793054030172e-03 9.999752685821348130e-01 4.816356970190410203e-01
9.998252843975017345e-01 -1.850782674427753002e-02 -2.619354589632576658e-03 3.091543663543030007e+01 1.852557879862452850e-02 9.998044164243374832e-01 6.923286838184074081e-03 3.287899034257645292e-01 2.490707607455228904e-03 -6.970603183852412156e-03 9.999726031271969351e-01 5.017860362245758488e-01
9.998144336307303037e-01 -1.915077022024827200e-02 -2.084776479204084390e-03 3.206659405371311067e+01 1.916388729993702064e-02 9.997954557223164285e-01 6.464689447083847400e-03 3.485162499393346103e-01 1.960546492406426908e-03 -6.503443071806808140e-03 9.999769304475188969e-01 5.212540172229332969e-01
9.998026684090245420e-01 -1.978045033700265992e-02 -1.832488834137583830e-03 3.321789131691589603e+01 1.979153208055120169e-02 9.997846540365420420e-01 6.240262730165470513e-03 3.692014444963115927e-01 1.708659188401137098e-03 -6.275299893661692198e-03 9.999788502955200276e-01 5.412607561978839410e-01
9.997923713123777478e-01 -2.030169755371839801e-02 -1.747950242605357096e-03 3.448530763555724121e+01 2.031096468594665791e-02 9.997788148583111045e-01 5.457667646064051463e-03 3.920652643030282936e-01 1.636763870136112098e-03 -5.492037735974197345e-03 9.999835791028780507e-01 5.613410932808102771e-01
9.997804536107164353e-01 -2.087890452792988752e-02 -1.765194310123865701e-03 3.563719688216703219e+01 2.088837594480399615e-02 9.997665268663060711e-01 5.528794762843064828e-03 4.145494316697739823e-01 1.649347171914873405e-03 -5.564453690140146007e-03 9.999831580873203007e-01 5.803782635094552056e-01
9.997770559052540085e-01 -2.108122696347538433e-02 -1.191781137573331463e-03 3.690449114045195245e+01 2.108655339782528407e-02 9.997668483128394623e-01 4.648261672237379363e-03 4.385015640759358790e-01 1.093512286301897597e-03 -4.672356523971171911e-03 9.999884865697649117e-01 6.016241960389269172e-01
9.997792949592843037e-01 -2.100857167780972173e-02 -3.569221008541590448e-05 3.805726436792854628e+01 2.100850316275190352e-02 9.997678835958088150e-01 4.777214920248949205e-03 4.619836919471103642e-01 -6.467865090698630298e-05 -4.776911015689316170e-03 9.999885883816301835e-01 6.201990987152420365e-01
9.997816534936100341e-01 -2.087639211848912879e-02 9.064086536061408215e-04 3.920960188337664931e+01 2.087138758370534267e-02 9.997685468427289779e-01 5.219002309463493389e-03 4.855006353548537712e-01 -1.015153069201010783e-03 -5.198945417142148903e-03 9.999859700931053030e-01 6.388451920783841942e-01
9.997831451011702786e-01 -2.081949362630094655e-02 4.598304044061607876e-04 4.047567033886942767e+01 2.081632804600748801e-02 9.997649482782506869e-01 6.060424795202758695e-03 5.121946240712553777e-01 -5.858974937956620659e-04 -6.049539355666566989e-03 9.999815297007419446e-01 6.582917381973281135e-01
9.997851172133513931e-01 -2.072691939770414729e-02 3.379325110545876895e-04 4.162720097606791825e+01 2.072412689229431726e-02 9.997618544124066142e-01 6.837038871117030216e-03 5.369887817289424881e-01 -4.795629676436783469e-04 -6.828567226445435116e-03 9.999765700392541090e-01 6.744238842103352782e-01
9.997935412375054121e-01 -2.022490598667693248e-02 1.956544056008572511e-03 4.289615899857441406e+01 2.020468417014907592e-02 9.997472873084259914e-01 9.855574760622487496e-03 5.678901770081583589e-01 -2.155378135416318244e-03 -9.814009891726134180e-03 9.999495184613373944e-01 6.907815762678025662e-01
9.998121225466389816e-01 -1.873307782453162776e-02 4.979095175153745029e-03 4.405178264284936063e+01 1.868194126201460498e-02 9.997742013478974066e-01 1.012578326849346982e-02 5.920493493561154175e-01 -5.167658920508887317e-03 -1.003086298184081328e-02 9.999363364771871598e-01 7.035201815049605401e-01
9.998248521729654614e-01 -1.709551990147525208e-02 7.616308638545699408e-03 4.520763282921372905e+01 1.701370266852866853e-02 9.997982072695569267e-01 1.068076594520026186e-02 6.144999944390060476e-01 -7.797366321366257409e-03 -1.054931497135008604e-02 9.999139527741001121e-01 7.134619299802643644e-01
9.998214782569037062e-01 -1.529710249657537102e-02 1.109099827312108773e-02 4.648081799129013802e+01 1.517550703374573491e-02 9.998247102279873566e-01 1.096598846785461559e-02 6.356452866360753351e-01 -1.125680388944195857e-02 -1.079572065946580138e-02 9.998783609574943831e-01 7.208669579989851472e-01
9.998140469731681135e-01 -1.407618158579875337e-02 1.318076443040963781e-02 4.763803799149241769e+01 1.393579317317560767e-02 9.998458217547512294e-01 1.068299978329805347e-02 6.527558178539296652e-01 -1.332911032435537754e-02 -1.049733018334412030e-02 9.998560600491170902e-01 7.264591775416372466e-01
9.998535697976368430e-01 -1.259149351955903516e-02 1.158849540897569953e-02 4.879227135373319868e+01 1.248786881621684330e-02 9.998817764998990665e-01 8.971412276015106393e-03 6.663320661395024658e-01 -1.170009082025035008e-02 -8.825384109067458543e-03 9.998926044409767178e-01 7.277074375415701901e-01
9.998924258196607573e-01 -1.144050164016046853e-02 9.178872054160513994e-03 5.006230196460051474e+01 1.135331455683987779e-02 9.998904652647896407e-01 9.495251795886875193e-03 6.827060880758040184e-01 -9.286498658607719378e-03 -9.390020931778127536e-03 9.999127903885133284e-01 7.307631150156564948e-01
9.999026520951159736e-01 -1.065011185920964817e-02 9.014512362248986582e-03 5.121986214843312268e+01 1.055381866119939858e-02 9.998874516868596629e-01 1.066306543073005340e-02 6.985161162696782444e-01 -9.127062169755121440e-03 -1.056689122703712014e-02 9.999025139831382303e-01 7.356315158890013306e-01
9.999074141250268166e-01 -1.060710952943962060e-02 8.523637095421164600e-03 5.249418944976524415e+01 1.052479858570767694e-02 9.998981024056540212e-01 9.644351010439476332e-03 7.118943688167280737e-01 -8.625068699149893853e-03 -9.553749738628552687e-03 9.999171635618896437e-01 7.423406907116593123e-01
9.999056025341771514e-01 -1.129295720163743869e-02 7.826565273698947792e-03 5.365320659442230067e+01 1.122246796204211944e-02 9.998965893193463295e-01 8.992605964982143540e-03 7.253174010729832588e-01 -7.927310381888571025e-03 -8.903924847068776793e-03 9.999289363775746287e-01 7.492313932723071446e-01
9.998888989199652411e-01 -1.277205454753406987e-02 7.685338251454409270e-03 5.481339194094180556e+01 1.270157722325018605e-02 9.998774626180593206e-01 9.150397172885089275e-03 7.398810020249646513e-01 -7.801267213195851348e-03 -9.051765794808456708e-03 9.999286002996274902e-01 7.562358144033221041e-01
9.998534106512374509e-01 -1.440639026173774415e-02 9.252735130107854825e-03 5.609181897909516579e+01 1.432163892176142178e-02 9.998554682316526110e-01 9.161516859953935943e-03 7.585177293913596408e-01 -9.383383799697985264e-03 -9.027660702641547227e-03 9.999152230997959689e-01 7.669824312036417346e-01
9.998359784829238261e-01 -1.534470737825823286e-02 9.620606170693700790e-03 5.725284383250443199e+01 1.525693505459754101e-02 9.998419093789090439e-01 9.131389172288985334e-03 7.771716071707523987e-01 -9.759205400136611308e-03 -8.983111613755498034e-03 9.999120269069838862e-01 7.740100611932176911e-01
9.998247026726958531e-01 -1.623523788794170586e-02 9.326357955566088459e-03 5.852818333436514564e+01 1.614074462410353822e-02 9.998185208696771520e-01 1.011937661533517455e-02 8.001896385097999609e-01 -9.488957525465122056e-03 -9.967069628827774849e-03 9.999053040850537366e-01 7.811584897071717215e-01
9.998144686988982288e-01 -1.692559049244432567e-02 9.195245674184761298e-03 5.968720867586550582e+01 1.682888481949701073e-02 9.998033078305798016e-01 1.049449304732175646e-02 8.212030623860041567e-01 -9.371064139919697486e-03 -1.033780158265134447e-02 9.999026517324476337e-01 7.883780974146318288e-01
9.998165198037126666e-01 -1.707278855416160743e-02 8.686000011058512757e-03 6.084479676612426147e+01 1.698661346317883319e-02 9.998067028254608024e-01 9.900103117116778456e-03 8.415177834150895375e-01 -8.853344922401470279e-03 -9.750742167002687463e-03 9.999132668586144801e-01 7.958194025297009588e-01
9.998212372138558512e-01 -1.726840277853178979e-02 7.700380631922870527e-03 6.211654930995860013e+01 1.720244990784366990e-02 9.998154654249147288e-01 8.550491085048012377e-03 8.620008267748657804e-01 -7.846614330291790465e-03 -8.416498240061487737e-03 9.999337943770162385e-01 8.043111026061309232e-01
9.998079750507175012e-01 -1.761712840605546629e-02 8.581945525497569616e-03 6.327373366525627318e+01 1.754740398303731783e-02 9.998129517469221961e-01 8.133278131755763279e-03 8.824646943165448398e-01 -8.723626797988361103e-03 -7.981126495295700132e-03 9.999300975055488427e-01 8.108080644471994392e-01
9.997821079643659514e-01 -1.789740142348771393e-02 1.074335079312687194e-02 6.454549614978415661e+01 1.781041466387279018e-02 9.998082573365388859e-01 8.138659110255869883e-03 9.051457157397551079e-01 -1.088695354193490623e-02 -7.945543245115668438e-03 9.999091671419603200e-01 8.195280834312799190e-01
9.997912804536450704e-01 -1.816887280194093637e-02 9.342781394904915715e-03 6.569666443195771421e+01 1.808898160319497364e-02 9.997996883000819235e-01 8.565751816483748587e-03 9.273228416483961789e-01 -9.496541615254670832e-03 -8.394963649757248084e-03 9.999196668852359249e-01 8.250997098509956773e-01
9.998046861613484326e-01 -1.823052562471334098e-02 7.631346181495322033e-03 6.684597300808201226e+01 1.815383793832220719e-02 9.997851901889202031e-01 1.000058710430803965e-02 9.513921367672528717e-01 -7.812024212753498724e-03 -9.860096890848331352e-03 9.999208722155458196e-01 8.293668908513389670e-01
9.998015322448796649e-01 -1.834473654991374339e-02 7.769603623929421075e-03 6.811009355179726299e+01 1.824850849260716348e-02 9.997580651999914414e-01 1.228019205600692880e-02 9.790588783746648760e-01 -7.993002164073111787e-03 -1.213597270884707660e-02 9.998944094215550527e-01 8.376772571053173744e-01
9.998003936887791543e-01 -1.831326552976276015e-02 7.987306404201739360e-03 6.925637277918725943e+01 1.820005559949324642e-02 9.997360166132959192e-01 1.402337995050314048e-02 1.003438836763153263e+00 -8.242013198416485789e-03 -1.387521315002178748e-02 9.998697653081640713e-01 8.450615961958625189e-01
9.998003116450191463e-01 -1.809072859171038591e-02 8.488954620385291694e-03 7.051431514004860901e+01 1.795573631167899850e-02 9.997152322789580881e-01 1.571769753626404628e-02 1.029652292969201133e+00 -8.770883354801427972e-03 -1.556213545559534221e-02 9.998404329868484375e-01 8.528096878806863401e-01
9.998083528797313546e-01 -1.717603879339687362e-02 9.393677583200378198e-03 7.165638059536313165e+01 1.702314155990516595e-02 9.997251193752250131e-01 1.612136705920308097e-02 1.051291292231890884e+00 -9.667998324985620576e-03 -1.595836958434074249e-02 9.998259149167482152e-01 8.614016313102358380e-01
9.998335189819992364e-01 -1.524663390798517565e-02 1.002369441863783239e-02 7.279633425748576769e+01 1.506645178251874405e-02 9.997278316998979841e-01 1.781192569520372027e-02 1.072557442014008933e+00 -1.029253994457367608e-02 -1.765794109863472530e-02 9.997911084925344971e-01 8.692474634706323089e-01
9.998809664910726092e-01 -1.242593818138446049e-02 9.145976710874640508e-03 7.404422342776349808e+01 1.226797053460716887e-02 9.997780066655973519e-01 1.712992768180910536e-02 1.088301341389076082e+00 -9.356803368969308574e-03 -1.701568825111833549e-02 9.998114404564458768e-01 8.805385899750601819e-01
9.999420156454558173e-01 -1.005731718784385470e-02 3.849118408474656340e-03 7.517228548374812647e+01 1.000356431186808989e-02 9.998555818184867716e-01 1.373842500121534235e-02 1.095200480147066280e+00 -3.986734920803098291e-03 -1.369912523718180321e-02 9.998982147217437833e-01 8.880063334729815239e-01
9.999696889860166804e-01 -7.425400695635335328e-03 2.341907654909096415e-03 7.641587163724942400e+01 7.391194490109871326e-03 9.998705536902717794e-01 1.429147380011049594e-02 1.103946585729516983e+00 -2.447724856943134155e-03 -1.427373294295096982e-02 9.998951290394867408e-01 9.001157554424513707e-01
9.999703247702340647e-01 -4.685113339053179927e-03 6.115495479236123313e-03 7.754962842885021246e+01 4.601351257722288875e-03 9.998963881008501309e-01 1.363967524508723564e-02 1.108456889040379867e+00 -6.178766292481337359e-03 -1.361113268368771730e-02 9.998882736635192892e-01 9.147537573472294126e-01
9.999653392582945610e-01 -1.559578521111620701e-03 8.178507533214220832e-03 7.867815301161013508e+01 1.447172466849561221e-03 9.999046638736623915e-01 1.373204162400319846e-02 1.109367954263343226e+00 -8.199145363065166170e-03 -1.371973170605195712e-02 9.998722632801777532e-01 9.269944469346348415e-01
9.999790459809818621e-01 2.692774690727846223e-03 5.886981996260531869e-03 7.991251207835566106e+01 -2.776074444856224243e-03 9.998954954554787333e-01 1.418773039288211135e-02 1.108678078519288013e+00 -5.848163355182009644e-03 -1.420377762077116093e-02 9.998820188291690503e-01 9.363902828529945266e-01
9.999754255691627458e-01 6.072936478931519576e-03 3.502527131974545946e-03 8.103086190413334577e+01 -6.119248667250726768e-03 9.998919347829576809e-01 1.336688681481925343e-02 1.100361590625252628e+00 -3.420972901425793373e-03 -1.338799287874883545e-02 9.999045246840781997e-01 9.474934187552400688e-01
9.999526632746278398e-01 9.721086966848195565e-03 -4.143352664656296141e-04 8.225693665646535635e+01 -9.715449214097022362e-03 9.998815379955866556e-01 1.193817935925390455e-02 1.085465474032549116e+00 5.303383982692587081e-04 -1.193359031857637621e-02 9.999286514864325071e-01 9.635882061710072666e-01
9.999157806924457992e-01 1.290264403055863332e-02 -1.397602073366193505e-03 8.337166167348296142e+01 -1.288628588389907278e-02 9.998548930374702159e-01 1.114166086084460508e-02 1.069323507373040716e+00 1.541156470625594174e-03 -1.112271404089614640e-02 9.999369530001325224e-01 9.799005222840302398e-01
9.998660804210212083e-01 1.635667975231765853e-02 5.293768186800725407e-04 8.448701477091728407e+01 -1.636148989900452697e-02 9.998064299883610007e-01 1.092722774594879522e-02 1.051844395675215038e+00 -3.505411578249735798e-04 -1.093442716799437192e-02 9.999401558746274787e-01 9.971522290558837431e-01
9.997909706658483220e-01 2.039048324688379210e-02 1.497715280974978250e-03 8.570968651506159119e+01 -2.040709775702665915e-02 9.997188681417125133e-01 1.207208184864987273e-02 1.028683806567636694e+00 -1.251138744647236831e-03 -1.210012399854156102e-02 9.999260080378078452e-01 1.015086841228095782e+00
9.997126787517457425e-01 2.396091967320733776e-02 -6.589753801609307422e-04 8.681616877452520953e+01 -2.395149686274845868e-02 9.996436429682941105e-01 1.178613560854032891e-02 1.001880212852577223e+00 9.411474704586427799e-04 -1.176696725854982882e-02 9.999303238848070707e-01 1.031348551882426356e+00
9.996172085338993485e-01 2.747752500363296116e-02 -3.228310832630600612e-03 8.803135693413088347e+01 -2.743876020117509001e-02 9.995573987110976111e-01 1.149440066252158978e-02 9.672899129335341684e-01 3.542720372296109810e-03 -1.140142131404246230e-02 9.999287257750211211e-01 1.049124670638308165e+00
9.995249193522892650e-01 3.061697638744959038e-02 -3.540665438477626301e-03 8.913792213462527059e+01 -3.057408530693181761e-02 9.994652751419991210e-01 1.159263673102008986e-02 9.325911586116977237e-01 3.893704426907985093e-03 -1.147887815268071668e-02 9.999265344652726872e-01 1.067336375443240559e+00
9.994404384481322401e-01 3.336578534528943096e-02 -2.352513316001998527e-03 9.024713619171008361e+01 -3.333991771997431991e-02 9.993910950811311089e-01 1.029024244499640410e-02 8.933010535333613111e-01 2.694423483382413134e-03 -1.020605312324322604e-02 9.999442866855731138e-01 1.086303353103433178e+00
9.993405165435688131e-01 3.630006807898251975e-02 -9.148779137777288606e-04 9.146871895852882517e+01 -3.628975584281967509e-02 9.992961164685256747e-01 9.503965702535732349e-03 8.459212250677863310e-01 1.259228933160674640e-03 -9.464498505331521427e-03 9.999544177254030553e-01 1.105389186468874296e+00
9.992417771383651504e-01 3.892379375063817482e-02 8.994690357920018123e-04 9.257988913164000166e+01 -3.893017463303163894e-02 9.992037872140688837e-01 8.731165657095940960e-03 7.997646483498379588e-01 -5.589026736417038437e-04 -8.759563090487882536e-03 9.999614780607851694e-01 1.121828597310540410e+00
9.991366966252499537e-01 4.149632441010877443e-02 1.979002978098671605e-03 9.380167489065168240e+01 -4.151013953697036546e-02 9.991096176812638285e-01 7.541903224746931110e-03 7.442980877934739503e-01 -1.664279710882398582e-03 -7.617541933350926303e-03 9.999696011182305222e-01 1.139440423002028968e+00
9.990437683529950208e-01 4.372109145218733978e-02 -1.224985676087834258e-04 9.491114730203585736e+01 -4.371944912208472478e-02 9.990238961608185475e-01 6.313857518562170611e-03 6.916404490207057609e-01 3.984280196830418050e-04 -6.302465238898592031e-03 9.999800598660748552e-01 1.154488642017926558e+00
9.989401285251602314e-01 4.588734145937898440e-02 -3.601587718546957889e-03 9.602271967935341479e+01 -4.586958214620227847e-02 9.989355747505771488e-01 4.868167500153136422e-03 6.349785136198008439e-01 3.821142210641839069e-03 -4.697805139484371312e-03 9.999816645606897092e-01 1.169742798563669250e+00
9.988192807826495878e-01 4.809611169845596362e-02 -6.841657702079406017e-03 9.725033355645472000e+01 -4.806065802713045676e-02 9.988305918320504739e-01 5.255673552291692183e-03 5.723684603137013660e-01 7.086435864475019650e-03 -4.920654129500896118e-03 9.999627840834036663e-01 1.188663889900588799e+00
9.987343302427310610e-01 4.968394122710573235e-02 -7.825820985263801793e-03 9.837292563765092268e+01 -4.964245407043894193e-02 9.987524034612481616e-01 5.409572547319346607e-03 5.130519467826266666e-01 8.084827963379326993e-03 -5.014233490892461981e-03 9.999547454675402625e-01 1.208933321742386102e+00
9.987111672412343211e-01 5.025502689422362695e-02 -7.101872629490864341e-03 9.961429170527920007e+01 -5.021667264314240431e-02 9.987233137686190032e-01 5.479823649468814652e-03 4.477757952592646418e-01 7.368195898440990134e-03 -5.116129307832812702e-03 9.999597666262506346e-01 1.232917466213634849e+00
9.987603294217328731e-01 4.950827102854130773e-02 -5.170626257339400005e-03 1.007493219892224516e+02 -4.947893482935458720e-02 9.987591543864009491e-01 5.655676786902983852e-03 3.887628281484226123e-01 5.444214218158914716e-03 -5.392829214209597134e-03 9.999706385086879479e-01 1.254902309730857368e+00
9.988313230015815058e-01 4.819644366606103125e-02 -3.618137520404610032e-03 1.018886120576431438e+02 -4.817826443503852446e-02 9.988264660208487911e-01 4.954366175784289880e-03 3.294207334636825579e-01 3.852675208565313741e-03 -4.774261139863819441e-03 9.999811814640160446e-01 1.276304821126126754e+00
9.989341895718459874e-01 4.606286251075032701e-02 -2.949155860454899785e-03 1.031478668453653285e+02 -4.604701867071293864e-02 9.989255693217843346e-01 5.232509316469426824e-03 2.649051094194796452e-01 3.187012300556012721e-03 -5.091133263666122212e-03 9.999819614718533645e-01 1.299055797643941634e+00
9.990417276927860968e-01 4.370246362868817486e-02 -2.391846213099796913e-03 1.042990613528064756e+02 -4.368917390527642108e-02 9.990308337008741990e-01 5.352524534425865538e-03 2.100914192227802957e-01 2.623447268233557433e-03 -5.242898238373342075e-03 9.999828145998814755e-01 1.318271701018769670e+00
9.991812545674220170e-01 4.038397893351045043e-02 -2.440226129072656409e-03 1.055696631520612385e+02 -4.036905039521105493e-02 9.991675028431287187e-01 5.885673058420112617e-03 1.534153504394292766e-01 2.675882179787769394e-03 -5.782345313887052134e-03 9.999797018366451962e-01 1.339663966352133251e+00
9.993201131860907083e-01 3.676746037878692724e-02 -2.732249232171125169e-03 1.067282710160775423e+02 -3.674681069871561095e-02 9.992982446346474479e-01 7.258807732259649551e-03 1.077825241625505193e-01 2.997220456965092161e-03 -7.153472030578070587e-03 9.999699217698991838e-01 1.358916602114759176e+00
9.994517701660982079e-01 3.300504902077947694e-02 -2.612624656213708828e-03 1.078901929661353307e+02 -3.298506476136540272e-02 9.994287819984549737e-01 7.354952286269463534e-03 6.436748829157246110e-02 2.853883466480536691e-03 -7.264743414809755710e-03 9.999695389302174497e-01 1.378509786280479599e+00
9.995868621726297087e-01 2.870412114746895976e-02 -1.475929690501278290e-03 1.091728232873839204e+02 -2.869143832453425677e-02 9.995563306836984241e-01 7.996452950277579963e-03 2.144578083106862820e-02 1.704806439679747588e-03 -7.950803782203237288e-03 9.999669385954825795e-01 1.401559964691086568e+00
9.996985971250819114e-01 2.453937795667116353e-02 -7.306241843941311794e-04 1.103413366416665156e+02 -2.453261926514221578e-02 9.996658231357321567e-01 8.148174161467758650e-03 -1.261598263901858585e-02 9.303314252368063324e-04 -8.127795191498490834e-03 9.999665361185313683e-01 1.421488419945196036e+00
9.998039354577176185e-01 1.980127065763973362e-02 -1.754160422729068570e-05 1.116294240870400358e+02 -1.980044528972499732e-02 9.997695715850121179e-01 8.291332110392048149e-03 -4.481862143842924029e-02 1.817166013549000188e-04 -8.289360201970276398e-03 9.999656261158677006e-01 1.442255151936510771e+00
9.998846691358684868e-01 1.518665164178638338e-02 1.184449812987676599e-04 1.128022182549030958e+02 -1.518710874529518966e-02 9.998473893688010206e-01 8.634221794103872152e-03 -6.771768991470711319e-02 1.269809094240594222e-05 -8.635025942815496847e-03 9.999627173499220367e-01 1.460085038109915079e+00
9.999456254265692845e-01 1.042774171308966449e-02 9.158631457686795937e-05 1.139767802754553827e+02 -1.042814219415195282e-02 9.999013254859224764e-01 9.412397602983768249e-03 -8.442797491206266436e-02 6.572826965412873793e-06 -9.412842087151295986e-03 9.999556981581023685e-01 1.478740431297814295e+00
9.999864732381441579e-01 5.193852768289876701e-03 -2.779075571850553447e-04 1.152706581114959903e+02 -5.190835718909255457e-03 9.999371698693111377e-01 9.935372438380178986e-03 -9.749111073579708187e-02 3.294930377077517273e-04 -9.933796743708360466e-03 9.999506042955046414e-01 1.500713535604305315e+00
9.999993387985623983e-01 7.169470096272261049e-04 -8.991046874413841615e-04 1.164488158214428637e+02 -7.072407268303983153e-04 9.999419694300949457e-01 1.074977555462919461e-02 -1.037377118103415263e-01 9.067596829282857911e-04 -1.074913393922210039e-02 9.999418152147456773e-01 1.522213342554179949e+00
9.999943729030243977e-01 -3.116447169267886220e-03 -1.241740398806037097e-03 1.177484227311379357e+02 3.131957941801043286e-03 9.999145570346006373e-01 1.269131886995035485e-02 -1.033075160288258187e-01 1.202082656818896081e-03 -1.269513815836713876e-02 9.999186908742265789e-01 1.545695095300461119e+00
9.999861034244676983e-01 -5.158685407704088031e-03 -1.086702545361878857e-03 1.189328348598941147e+02 5.174328002015775307e-03 9.998752994689684703e-01 1.492018635918226747e-02 -9.833626985946483656e-02 1.009598624808090905e-03 -1.492560388557678114e-02 9.998880972090001817e-01 1.566915877666433143e+00
9.999804916394294807e-01 -6.088806181208841761e-03 -1.393836120275585358e-03 1.201186479135065639e+02 6.110076118749075552e-03 9.998564832006787695e-01 1.580126882001973293e-02 -9.255835939203846396e-02 1.297425399833033923e-03 -1.580947903159111295e-02 9.998741805526709658e-01 1.587289288325315351e+00
9.999732782741956871e-01 -7.247191134499361351e-03 -9.596651599643014159e-04 1.214267568603005714e+02 7.263309692228589465e-03 9.998112658597650970e-01 1.801879934581960066e-02 -8.222404335080535365e-02 8.288984554519027593e-04 -1.802529050486003162e-02 9.998371875925142760e-01 1.607529183096877867e+00
9.999660191582917523e-01 -8.242343383972830159e-03 1.558936771642976645e-04 1.226193578080910100e+02 8.237773802030353906e-03 9.997782001922536077e-01 1.938271519022007061e-02 -7.240465538455406747e-02 -3.156181852397528845e-04 -1.938077481300455249e-02 9.998121252561451566e-01 1.625906517867857559e+00
9.999590520678064420e-01 -9.047582090178269559e-03 1.882661883102091987e-04 1.239323603481759619e+02 9.042166565740175979e-03 9.997676500792033183e-01 1.956745321233216428e-02 -6.178221821714219297e-02 -3.652606869047690771e-04 -1.956495213552260012e-02 9.998085212119725007e-01 1.646099720694390367e+00
9.999491297827586278e-01 -9.925062468963269380e-03 1.797492314445787911e-03 1.251311858647347890e+02 9.881730067295738454e-03 9.996935942114897333e-01 2.269513745616746903e-02 -4.609046543312422806e-02 -2.022192585846812815e-03 -2.267622351802702982e-02 9.997408161450713759e-01 1.660644261597055138e+00
9.999331626924544691e-01 -1.057930488161263997e-02 4.663523252699124794e-03 1.263336964515718677e+02 1.046280710683293071e-02 9.996491151078016335e-01 2.433467688453854957e-02 -3.086897199846616591e-02 -4.919331709245399267e-03 -2.428425998398654057e-02 9.996929902385447431e-01 1.674724128864418127e+00
9.999219338958826864e-01 -1.139654012398005727e-02 5.122985339208696760e-03 1.276562356908348903e+02 1.127442423090450722e-02 9.996657535415014451e-01 2.326518253663029459e-02 -1.668103978260720988e-02 -5.386416516263468381e-03 -2.320561057429638280e-02 9.997162027292664233e-01 1.685267872121670285e+00
9.999244389922373744e-01 -1.185510399856577399e-02 3.251585682646340042e-03 1.288589057166487351e+02 1.177722757806417761e-02 9.996659507386678190e-01 2.300617324858346066e-02 -3.504274228178894113e-03 -3.523240699277391599e-03 -2.296614315365081219e-02 9.997300350025494220e-01 1.692976649464855488e+00
9.999118960487445307e-01 -1.263741361260115222e-02 4.061515712791869716e-03 1.301872444495286345e+02 1.255315327525064611e-02 9.997183194932969252e-01 2.014199999071372704e-02 7.270264573257967378e-03 -4.314915210581268465e-03 -2.008924314266433489e-02 9.997888795505303072e-01 1.703662315209582445e+00
9.998894058445516597e-01 -1.363999336971559104e-02 5.926773908925848412e-03 1.313983870310474344e+02 1.353216307128691544e-02 9.997487729815393021e-01 1.786817352577380752e-02 1.610670055270801981e-02 -6.169007780872139309e-03 -1.778599761531307263e-02 9.998227850488985435e-01 1.714279253816993087e+00
9.998728482971391829e-01 -1.394467326720814394e-02 7.735199367037141026e-03 1.326113316618538533e+02 1.382623915376457631e-02 9.997894990187019548e-01 1.515892108073113587e-02 2.764666852860420132e-02 -7.944958661263764460e-03 -1.505004680764649230e-02 9.998551763199566844e-01 1.722905689295243459e+00
9.998520675063544694e-01 -1.428339701077195253e-02 9.582674512686992913e-03 1.339478302430607073e+02 1.415615825828364996e-02 9.998124392186020781e-01 1.321702238714355000e-02 4.122340744243813138e-02 -9.769662815080513638e-03 -1.307941497675848067e-02 9.998667323703516185e-01 1.730400832764904084e+00
9.998703986310859548e-01 -1.412635607601275649e-02 7.722175134237355999e-03 1.351620754666722632e+02 1.405676733071738703e-02 9.998607586656831359e-01 8.992811379467049657e-03 5.110096180694562173e-02 -7.848136889422412804e-03 -8.883098216235306432e-03 9.999297461552771882e-01 1.735179856822248734e+00
9.998824651470396008e-01 -1.409806475705935661e-02 6.024985412756355199e-03 1.365018303494092322e+02 1.406050169020083528e-02 9.998817242269331107e-01 6.232167446799455335e-03 6.129506668730139163e-02 -6.112135366500308711e-03 -6.146721418731432296e-03 9.999624290779798308e-01 1.742744166813993356e+00
9.998852146577106303e-01 -1.390684218527939164e-02 6.013088821679246979e-03 1.377235574917759209e+02 1.387856165331544274e-02 9.998925493722762292e-01 4.719670024439208932e-03 7.243506204707156337e-02 -6.078079474665883108e-03 -4.635675844567067015e-03 9.999707832845069477e-01 1.751351662238307627e+00
9.998863174788766850e-01 -1.366266411991493880e-02 6.378378706878550138e-03 1.389473727604388955e+02 1.363305848272473170e-02 9.998961961022910794e-01 4.662272489425370314e-03 8.719878462473579228e-02 -6.441416784209004313e-03 -4.574786245810433596e-03 9.999687892355323404e-01 1.760920361881803453e+00
9.998820047151615320e-01 -1.295105962771047822e-02 8.261155145548782289e-03 1.402961594233671008e+02 1.290900145003715492e-02 9.999035449714813728e-01 5.124303526174042028e-03 1.041534464522999581e-01 -8.326724893983146816e-03 -5.017056260568929053e-03 9.999527462657364918e-01 1.770511021074426372e+00
9.998744136137013294e-01 -1.233313020234418599e-02 9.952430773339826162e-03 1.415233005677645224e+02 1.225706429807178061e-02 9.998954766099513725e-01 7.668135487639821286e-03 1.221703244900103069e-01 -1.004596431903948157e-02 -7.545185855678187420e-03 9.999210712456104710e-01 1.778508028199965008e+00
9.998878379950637552e-01 -1.176206116088708738e-02 9.271748904590530749e-03 1.427477461777071710e+02 1.169055479689121504e-02 9.999017906654770194e-01 7.729167141359141735e-03 1.368777600560164287e-01 -9.361750848974028510e-03 -7.619909308806145816e-03 9.999271446210653558e-01 1.785080041330426859e+00
9.999150044876680132e-01 -1.128975951141595289e-02 6.521128694724898436e-03 1.440923412936756733e+02 1.123715137411638448e-02 9.999044697091841183e-01 8.048475568884366077e-03 1.524279353190658437e-01 -6.611372213444188448e-03 -7.974513594719019605e-03 9.999463469742456700e-01 1.792170268310171011e+00
9.999305901956198062e-01 -1.085312332844735016e-02 4.585247871718501830e-03 1.453143276449833934e+02 1.081510034117664013e-02 9.999075842334177455e-01 8.237516172736427875e-03 1.667509078255977606e-01 -4.674227714729996958e-03 -8.187355540251163577e-03 9.999555583804438097e-01 1.802170093386861405e+00
9.999447109559227442e-01 -1.051231191048076358e-02 2.575401199289417816e-04 1.466539775881588810e+02 1.051027627816812811e-02 9.999207669663655595e-01 6.927766374853422740e-03 1.793460898128604319e-01 -3.303466605386851888e-04 -6.924677413778995184e-03 9.999759695370014079e-01 1.817427191097575445e+00
9.999453941125137080e-01 -9.976902254478633644e-03 -3.109696321300165628e-03 1.478714536884627364e+02 9.998527472881041725e-03 9.999253870205150330e-01 7.017827702808912549e-03 1.923514102763368427e-01 3.039448561863860709e-03 -7.048537774601322872e-03 9.999705394688506166e-01 1.833016617422662753e+00
9.999430784887161083e-01 -9.784538321848307296e-03 -4.254713608152784453e-03 1.490898634120077588e+02 9.813246897195293181e-03 9.999288654194914416e-01 6.779701291547947199e-03 2.044813987650714315e-01 4.188075336810617028e-03 -6.821068809196705746e-03 9.999679659800834175e-01 1.853899740304225219e+00
9.999437489001642421e-01 -9.884485171849033414e-03 -3.846554866772542488e-03 1.504299054707520895e+02 9.909760530332387476e-03 9.999290617170898399e-01 6.608195051779392273e-03 2.164352636001854457e-01 3.780963959094065917e-03 -6.645942622067050817e-03 9.999707674228299759e-01 1.880941383077013196e+00
9.999452212471502399e-01 -9.851178278929603738e-03 -3.536776472372897464e-03 1.516468392982511375e+02 9.876531197166782058e-03 9.999251323774841493e-01 7.223838203746368522e-03 2.299856637508904122e-01 3.465348879511519643e-03 -7.258374503358029466e-03 9.999676531235346388e-01 1.902811663022335509e+00
9.999460696294615314e-01 -1.013270668700541957e-02 -2.277297726099995843e-03 1.529857146209928658e+02 1.015078052703091011e-02 9.999159138510443912e-01 8.070127384832410586e-03 2.445817473598808633e-01 2.195334310504650811e-03 -8.092809545279357544e-03 9.999648428169355396e-01 1.926390459529623733e+00
9.999445703259247642e-01 -1.038515349662713638e-02 -1.733453149167673473e-03 1.542017990514559358e+02 1.039956208175865128e-02 9.999096184611150351e-01 8.520803658597100871e-03 2.597100998458329868e-01 1.644806839667606237e-03 -8.538359599846378004e-03 9.999621947608837713e-01 1.945278392403742673e+00
9.999386063963030535e-01 -1.089837844645405278e-02 -2.002194370264877895e-03 1.554167368995746017e+02 1.091554751454737286e-02 9.999019285806561852e-01 8.774059661293529336e-03 2.732026101830910547e-01 1.906375246098216325e-03 -8.795377163814102964e-03 9.999595026786486374e-01 1.963488888149926392e+00
