1.000000000000000000e+00 -6.260757413700378446e-17 7.946783915497976407e-19 -2.328301995646597788e-10 -7.139257580437185358e-18 1.000000000000000000e+00 -7.289663333907126280e-19 1.827982210045320244e-13 -9.489681753680599364e-20 3.048913160606375138e-18 9.999999999999998890e-01 -4.712896739533789514e-13
9.999811407985175205e-01 -6.135920429351997100e-03 2.617769028625635433e-04 8.812966634186170101e-02 6.135804443291908300e-03 9.999810779134341576e-01 4.424068966629822052e-04 2.212423096631610520e-03 -2.644865963576072598e-04 -4.407923978352946189e-04 9.999998678722883394e-01 1.468782054554806926e-03
9.999077764443070615e-01 -1.358065356060709529e-02 6.671014960560203927e-05 1.878084479477433177e-01 1.358058242851524836e-02 9.999073025581710628e-01 9.767733081722516138e-04 5.354490692111302241e-03 -7.996926578377739866e-05 -9.757773888245217797e-04 9.999995207268241870e-01 3.301680250141436623e-03
9.997831832747721137e-01 -2.081424381654207664e-02 -5.947123836478991014e-04 2.818645816931084624e-01 2.081497051521616695e-02 9.997825738561827436e-01 1.241789287272558259e-03 9.993547226315790954e-03 5.687361622350994026e-04 -1.253899127403647470e-03 9.999990521315356151e-01 4.948487004613810747e-03
9.995615828050495866e-01 -2.953943751339672963e-02 -2.015883157722905047e-03 3.814986687302827084e-01 2.954311457612395289e-02 9.995618522179743337e-01 1.818795228739767149e-03 1.751432870314495460e-02 1.961273887924201969e-03 -1.877553543917037182e-03 9.999963140831107378e-01 3.761873336661780698e-03
9.991294707962412591e-01 -4.152685881841006177e-02 -3.977502667648153724e-03 5.020929221025010047e-01 4.153487337104423693e-02 9.991351448807656022e-01 1.953620207699420259e-03 2.826237402576242674e-02 3.892935421355116308e-03 -2.117124862130603195e-03 9.999901813607862122e-01 3.066169623366032937e-03
9.985029512057090884e-01 -5.446716887692588938e-02 -5.018351368442154278e-03 6.239816755102625123e-01 5.447670149456112360e-02 9.985134512114519634e-01 1.782374197015663747e-03 4.020083296926357797e-02 4.913810997702395753e-03 -2.053089382814385789e-03 9.999858195341168043e-01 2.798035790922526189e-03
9.974176118152500159e-01 -7.163329129420926977e-02 -5.174847750417412018e-03 7.724088970084772576e-01 7.164287004296232553e-02 9.974289176391470946e-01 1.689264651132508371e-03 5.847598021486216657e-02 5.040535669277605192e-03 -2.055643511878655575e-03 9.999851835472096662e-01 2.992901440184714268e-03
9.959685554102412075e-01 -8.954761562311815137e-02 -5.278342846689463436e-03 9.195478322875005883e-01 8.955082630627958507e-02 9.959821835120339362e-01 3.740396513735454349e-04 7.746644873315103319e-02 5.223641481380470429e-03 -8.452117861167228333e-04 9.999859994932720486e-01 3.486249925180651132e-03
9.940591431659140387e-01 -1.087095203466579008e-01 -5.353473517373674370e-03 1.076764145482683954e+00 1.087051249719810792e-01 9.940734234050019325e-01 -1.106829069191144280e-03 1.017126066410646013e-01 5.442068950915900268e-03 5.183036403411982662e-04 9.999850575166185918e-01 4.125955855787122317e-03
9.912063710714517084e-01 -1.321985862882363860e-01 -5.784733600594193538e-03 1.257458622241860446e+00 1.321933569699346722e-01 9.912231229406152089e-01 -1.279647794663141573e-03 1.362600990017547031e-01 5.903129640248162661e-03 5.036917963579977875e-04 9.999824495286633308e-01 7.564113056232613097e-03
9.878170324838158045e-01 -1.554327020441089169e-01 -7.627886567417520476e-03 1.426391055570234156e+00 1.554505011566217898e-01 9.878420533933089942e-01 1.794456609200138298e-03 1.773987852233308293e-01 7.256230301351895493e-03 -2.958353916130329522e-03 9.999692971506146666e-01 1.275100660077088666e-02
9.836476106424434374e-01 -1.798053072677343045e-01 -1.036477001860391239e-02 1.599324041062683888e+00 1.798714723377082547e-01 9.836727726343276190e-01 5.842171686906949025e-03 2.275037628179072402e-01 9.145089184206993752e-03 -7.610965564234047423e-03 9.999292177410171734e-01 1.966452345360214515e-02
9.779937212288400961e-01 -2.082745162218549162e-01 -1.224767943371554875e-02 1.797164991548438895e+00 2.083925770579455883e-01 9.780010208508020941e-01 9.302612645178256340e-03 2.902962418486572105e-01 1.004074644316819628e-02 -1.165022362802475148e-02 9.998817208141168589e-01 2.725296171459179462e-02
9.715212439109236486e-01 -2.365793111627950140e-01 -1.329286461880442236e-02 1.982847506823199879e+00 2.367154634011895686e-01 9.715295738601028575e-01 9.801964030854875762e-03 3.525289906720459054e-01 1.059546975221713726e-02 -1.266944438546787309e-02 9.998636012539579010e-01 3.013147750109523848e-02
9.629623892413705644e-01 -2.692834294646679894e-01 -1.377929773747259973e-02 2.191548735507752532e+00 2.694439948559472775e-01 9.629471857919374989e-01 1.151753401551402697e-02 4.329317495577322261e-01 1.016725524032144161e-02 -1.480370282352392805e-02 9.998387255959878539e-01 3.246154372974430213e-02
9.538477875135228379e-01 -2.999645876468511330e-01 -1.398718481231397623e-02 2.383064448050461248e+00 3.001465959445716591e-01 9.537977869068618997e-01 1.348353910851755356e-02 5.164457146328680359e-01 9.296361697168896779e-03 -1.705945182033612867e-02 9.998112585107205019e-01 3.542627432924028152e-02
9.430069427083943578e-01 -3.324669069460596815e-01 -1.427087979113215825e-02 2.576751854310591394e+00 3.326658160174325585e-01 9.429244434452169754e-01 1.506494994516738295e-02 6.060299647986011617e-01 8.447763800685587771e-03 -1.895378841615886698e-02 9.997846713473109714e-01 3.756794327638324216e-02
9.297103702904170319e-01 -3.679483721239897864e-01 -1.589396713850340162e-02 2.786089639092350190e+00 3.681975081366082314e-01 9.295821029804886004e-01 1.754176730799821005e-02 7.163356979178300277e-01 8.320282203161664600e-03 -2.216088457545350304e-02 9.997197947191659440e-01 3.980084461193877932e-02
9.163693632429581459e-01 -3.999527025465289265e-01 -1.746483194900513847e-02 2.975104281623373925e+00 4.002558575824585740e-01 9.161796875977955557e-01 2.024929983931925831e-02 8.296915789624779158e-01 7.902161387780546817e-03 -2.554624215867232553e-02 9.996424086629885908e-01 3.686253320006427359e-02
9.009672304298794732e-01 -4.334998348878903451e-01 -1.832856790940457989e-02 3.164938575243603225e+00 4.338231884164164276e-01 9.007556059222027178e-01 2.089943057795063536e-02 9.479928646796175196e-01 7.449659652285896272e-03 -2.678106280734976127e-02 9.996135638743136598e-01 3.274926702978664395e-02
8.813494561568095964e-01 -4.720998811106663084e-01 -1.856961883113930969e-02 3.374502518231730974e+00 4.723863557723102513e-01 8.812388620486502067e-01 1.640751926219101431e-02 1.082291693230384544e+00 8.618280937082053311e-03 -2.323279514891613690e-02 9.996929340123059671e-01 2.823261789353903595e-02
8.609169516567040104e-01 -5.084441612158787649e-01 -1.750795267121987159e-02 3.564505322506880347e+00 5.086580686092491144e-01 8.608971766357395028e-01 1.109186608437139412e-02 1.213277462533068451e+00 9.432951490557738711e-03 -1.845473861970181595e-02 9.997851978918350646e-01 2.740242651683810760e-02
8.345939874831467264e-01 -5.506292629236976266e-01 -1.613320990040252589e-02 3.768117100014939602e+00 5.508248434789686510e-01 8.345304544543404868e-01 1.228506969982452561e-02 1.382727641571486199e+00 6.699134477028606538e-03 -1.913961977491983671e-02 9.997943770679046382e-01 3.133315338744446787e-02
8.068960659305030036e-01 -5.904559891561049767e-01 -1.674669166893749325e-02 3.945437071477601698e+00 5.906874589939460352e-01 8.066912197786035854e-01 1.837427164196931903e-02 1.559539589905592383e+00 2.660207898482295878e-03 -2.471819047794004964e-02 9.996909193286459550e-01 3.696024304573475305e-02
7.759305908430759180e-01 -6.305481994531122458e-01 -1.845732101978691045e-02 4.118725404498146503e+00 6.308173684416163995e-01 7.756476085414303334e-01 2.098210841912510546e-02 1.746312009583625535e+00 1.086143275573773570e-03 -2.792386094245470282e-02 9.996094627936554788e-01 4.035430114393223633e-02
7.380176739170726252e-01 -6.744970285508263830e-01 -1.958713411700791981e-02 4.308510635584963389e+00 6.747810551272309665e-01 7.377353794710171941e-01 2.042188371974123368e-02 1.963313863170354390e+00 6.756186996984198719e-04 -2.828874049225727286e-02 9.995995650876551286e-01 4.339031370929558040e-02
6.999802775346990469e-01 -7.139762137027660938e-01 -1.629600545760443234e-02 4.482195477636707004e+00 7.141621866093383897e-01 6.997981381211386687e-01 1.596730389986930274e-02 2.169256129378864362e+00 3.635556492767959998e-06 -2.281479016412819166e-02 9.997397087129774595e-01 4.401879569905320366e-02
6.589937509483391187e-01 -7.520280805790013900e-01 -1.345298336192478870e-02 4.649287307954995008e+00 7.521484112266909605e-01 6.588846841661173404e-01 1.198999864577427778e-02 2.394151163869055576e+00 -1.528547291944958118e-04 -1.801997488618694784e-02 9.998376153175342340e-01 4.472031999825865078e-02
6.119632753256917246e-01 -7.908106954788296505e-01 -1.092575026613378138e-02 4.821528916065093817e+00 7.908834375497864055e-01 6.118662749483219088e-01 1.109375778061374822e-02 2.663434081022430178e+00 -2.087968452533421268e-03 -1.542996735498492096e-02 9.998787708386612794e-01 4.655867576073413616e-02
5.659749827155511337e-01 -8.243766673966258507e-01 -8.683648634445954514e-03 4.968920629503157826e+00 8.244099986331646646e-01 5.658772102023851280e-01 1.145254003758908352e-02 2.927554877890707008e+00 -4.527332752818786707e-03 -1.364073753257577168e-02 9.998967113808258089e-01 4.736016722755687081e-02
5.170697259529546397e-01 -8.559118986697512588e-01 -7.327682817982717443e-03 5.105201065606625122e+00 8.559225469202005332e-01 5.169786372016783593e-01 1.138893010652391145e-02 3.206996899553900882e+00 -5.959670531683184704e-03 -1.216079910308514971e-02 9.999082943935845291e-01 4.692903204928833283e-02
4.613964662819317053e-01 -8.871697488086806027e-01 -6.565860452107392942e-03 5.240531132057841823e+00 8.871564466326530285e-01 4.612961004897335737e-01 1.262434693083587002e-02 3.535621525502174123e+00 -8.171138605993910967e-03 -1.164977334422015627e-02 9.998987524686606676e-01 4.566075941714242692e-02
4.091644081274980471e-01 -9.124438024837290273e-01 -5.546680706117625322e-03 5.351188398009822933e+00 9.123989450976212057e-01 4.090584419158982410e-01 1.412037248648949361e-02 3.854592068021318596e+00 -1.061513605404007174e-02 -1.083833796790459672e-02 9.998849179997815195e-01 4.244479507369325333e-02
3.505370047254652288e-01 -9.365320067087958833e-01 -5.619467709852920753e-03 5.456696710903676362e+00 9.364624731877679853e-01 3.504168349810321548e-01 1.568784396337105647e-02 4.226632499798892439e+00 -1.272301861989237615e-02 -1.076158865578671735e-02 9.998611468310293349e-01 3.986512324301805243e-02
2.974939890187933700e-01 -9.547173641451762727e-01 -3.471249544329604864e-03 5.540728492177649400e+00 9.545844980395952195e-01 2.973865574996760186e-01 1.815772775536024855e-02 4.582629020231845374e+00 -1.630320242405064110e-02 -8.715413534290622141e-03 9.998291089608115634e-01 3.990420209092426784e-02
2.453614576418410298e-01 -9.694316324110526795e-01 -1.806793392855240695e-04 5.615656482369887570e+00 9.692407806916566448e-01 2.453094378151357835e-01 1.989023097181806532e-02 4.951624181204489439e+00 -1.923790467932383341e-02 -5.055414791285858279e-03 9.998021533380817560e-01 4.120652374974287380e-02
1.912256552522333952e-01 -9.815450064996829038e-01 1.454513024050181928e-03 5.677593147898859272e+00 9.813489486686526320e-01 1.912167331452652996e-01 1.975943448932841739e-02 5.374376935466759875e+00 -1.967290956192623355e-02 -2.351122310634011330e-03 9.998037051815963361e-01 4.024226291188703897e-02
1.453562523420841301e-01 -9.893783068483280596e-01 -1.446357636974958784e-03 5.712041882682517446e+00 9.891792664035635729e-01 1.452972919443532018e-01 2.032510120105796014e-02 5.775908837205933288e+00 -1.989907052068740773e-02 -4.385083888790772440e-03 9.997923774746437786e-01 3.672776703114422059e-02
1.002660364416696342e-01 -9.949483764186797252e-01 -4.941249662172335182e-03 5.734127871025009426e+00 9.947681639876644333e-01 1.001477081436877997e-01 2.016855768372657204e-02 6.235684425190196833e+00 -1.957182702445375497e-02 -6.937615660950197626e-03 9.997843832931628816e-01 2.935195594024564425e-02
6.353531058641920248e-02 -9.979533717686200900e-01 -7.231710786210995313e-03 5.743166529083623573e+00 9.978173703685940810e-01 6.339265710386787767e-02 1.849056190839159716e-02 6.667177217723630811e+00 -1.799428913113410369e-02 -8.390726705001020497e-03 9.998028811939831950e-01 2.085110786530630644e-02
3.002730346397218184e-02 -9.995219891029404335e-01 -7.356615493125517359e-03 5.742421791450566637e+00 9.994292477514447048e-01 2.990892002352190174e-02 1.570572591571479937e-02 7.112480720088110608e+00 -1.547819747386113692e-02 -7.824013519547980480e-03 9.998495937818578927e-01 1.393634268817678379e-02
-3.385641524911313198e-03 -9.999673940821481866e-01 -7.328957238980395895e-03 5.731655961296957535e+00 9.999138281038999487e-01 -3.478246924054913692e-03 1.265988914219253088e-02 7.616209982990553407e+00 -1.268497531771805263e-02 -7.285459841394837689e-03 9.998930009944806407e-01 9.990660313058841169e-03
-2.929050611349678923e-02 -9.995355783132535699e-01 -8.405913546451693891e-03 5.706892842066878302e+00 9.995101803616281977e-01 -2.938042507347468982e-02 1.078075054066125749e-02 8.090300211359130245e+00 -1.102271980768769824e-02 -8.086018498583048483e-03 9.999065535847263542e-01 6.208812143256414728e-03
-5.151806458380541603e-02 -9.986297446675529432e-01 -9.191713511255880306e-03 5.669822491479044047e+00 9.986350074658271181e-01 -5.159327500655989940e-02 8.141891155329827184e-03 8.627850416928547261e+00 -8.604971659855291388e-03 -8.759708366213342368e-03 9.999246081119300689e-01 -5.304018609157967745e-04
-6.724095559439582925e-02 -9.976958365016598274e-01 -9.035335640678453240e-03 5.631084928750283325e+00 9.977102068023422365e-01 -6.730250418098071563e-02 6.689593974388340601e-03 9.133061564899129792e+00 -7.282286922987287955e-03 -8.564827746199755315e-03 9.999368039814173770e-01 -8.020550901892464779e-03
-8.013370736788577586e-02 -9.967513317169244269e-01 -8.083148713088433857e-03 5.586133018449735310e+00 9.967553008767234823e-01 -8.019044038023476206e-02 6.956858045125298255e-03 9.653424673920957488e+00 -7.582454972680725651e-03 -7.499438147553307010e-03 9.999431307563817484e-01 -1.215294064997163304e-02
-9.045225015156810322e-02 -9.958552447674131614e-01 -9.523004332970007313e-03 5.529167031450644032e+00 9.958558701372434152e-01 -9.053487379437102911e-02 8.634633850393005211e-03 1.024081418204795924e+01 -9.461015899999442730e-03 -8.702513454923628544e-03 9.999173742747134996e-01 -1.118092797745962041e-02
-9.698967195636110095e-02 -9.952137926063198137e-01 -1.193634359781511889e-02 5.470175780456067116e+00 9.952221334880121395e-01 -9.711175829279289351e-02 1.011166305621603867e-02 1.079003741235870173e+01 -1.122243263553816990e-02 -1.089858245691859712e-02 9.998776314303259305e-01 -8.882416952213589845e-03
-1.017130650328917085e-01 -9.947404341476663303e-01 -1.207836349655590398e-02 5.407010683026622466e+00 9.947397645354040252e-01 -1.018461172959934519e-01 1.096373660231249325e-02 1.140983658788274546e+01 -1.213621346089286020e-02 -1.089966918141763164e-02 9.998669458816183964e-01 -1.295760081868180258e-02
-1.034146048058779271e-01 -9.945905599807637332e-01 -9.746963470247959477e-03 5.350356602175517118e+00 9.945649397880199638e-01 -1.035210668537485112e-01 1.113568703334163155e-02 1.198915887843039130e+01 -1.208447217801017493e-02 -8.542391127911774795e-03 9.998904905214930361e-01 -2.008693969022568027e-02
-1.027187022906528996e-01 -9.946803791480565149e-01 -7.731578383747287654e-03 5.284870927938605689e+00 9.946120892209304731e-01 -1.028147523752496462e-01 1.326472493815056969e-02 1.264421315825290648e+01 -1.398908917661063032e-02 -6.327381382076811139e-03 9.998821278551098812e-01 -2.562625434940124514e-02
-1.012893030118442728e-01 -9.948196085831518820e-01 -8.624919566372939855e-03 5.221871284604696406e+00 9.947158663865521833e-01 -1.014171661149041032e-01 1.596677263436479394e-02 1.325607546694336847e+01 -1.675878108259577781e-02 -6.962076540450165725e-03 9.998353228061610531e-01 -2.595840770246204965e-02
-9.944835084692861538e-02 -9.949817831154985637e-01 -1.101101951286099882e-02 5.156853958364382429e+00 9.948887775027740465e-01 -9.962153385099344061e-02 1.648953164213214431e-02 1.387855289632183542e+01 -1.750372605073561780e-02 -9.314878797252885631e-03 9.998034069641817956e-01 -2.808094709788311327e-02
-9.769052310738181311e-02 -9.951382650310954814e-01 -1.250443652874141769e-02 5.083759221397592398e+00 9.951084013948569007e-01 -9.785765635213929114e-02 1.353450619098026282e-02 1.457685047302277326e+01 -1.469236720689821168e-02 -1.112107287769009516e-02 9.998302135991488093e-01 -3.541023423086442357e-02
-9.651183923984026081e-02 -9.952488723322255870e-01 -1.284962137436091063e-02 5.019874788945161370e+00 9.952271752673668148e-01 -9.668087517464422909e-02 1.325565107614561956e-02 1.522908604372015517e+01 -1.443499172961404745e-02 -1.150896119649635896e-02 9.998295728591986009e-01 -4.461875889768085468e-02
-9.486768439078087367e-02 -9.954104372559809955e-01 -1.257575481541739829e-02 4.950129985611498640e+00 9.953472079917676796e-01 -9.506040632648596334e-02 1.573178277644768017e-02 1.596672130063329753e+01 -1.685504483303137957e-02 -1.102480066516359214e-02 9.997971600218178434e-01 -5.547266046212584456e-02
-9.306081895279737226e-02 -9.955659330441447574e-01 -1.371578224574006299e-02 4.884714211147531238e+00 9.954544379530873011e-01 -9.331294711533670572e-02 1.905754829009366491e-02 1.665258773767893885e+01 -2.025291415946958024e-02 -1.187992139825927787e-02 9.997243054483118119e-01 -6.262505894159309250e-02
-9.109367435297339999e-02 -9.957273874092626986e-01 -1.512872093818860147e-02 4.813520158146562089e+00 9.955645381611190059e-01 -9.141656950116096303e-02 2.223275626733671809e-02 1.742223325900414821e+01 -2.352078886517720152e-02 -1.303635091489043114e-02 9.996383476188737127e-01 -6.940964556678597130e-02
-8.933369494468409999e-02 -9.958710252209680425e-01 -1.613560687430514243e-02 4.749450122882097780e+00 9.957479390460929336e-01 -8.966493253168648925e-02 2.112524684231303559e-02 1.813226424897786870e+01 -2.248482794802091067e-02 -1.417979738882341884e-02 9.996466204750681372e-01 -8.162558503338857019e-02
-8.750007171926074689e-02 -9.960009958443473144e-01 -1.804769963150366571e-02 4.684462318334837505e+00 9.959678378653009645e-01 -8.782844494783917377e-02 1.828290247459021106e-02 1.885352461498656851e+01 -1.979489864391571416e-02 -1.637516984830207981e-02 9.996699534033158807e-01 -9.676716548051345068e-02
-8.580995944366028028e-02 -9.961250516230911733e-01 -1.927428653045805407e-02 4.613557986333463923e+00 9.961302830573737221e-01 -8.614729408517637910e-02 1.741083688046504360e-02 1.966303373010627453e+01 -1.900380646716049240e-02 -1.770567421504866054e-02 9.996626252717586425e-01 -1.109886930154283524e-01
-8.423112912804758823e-02 -9.963033689203616428e-01 -1.687245311749030474e-02 4.555819978767251754e+00 9.962243639470677037e-01 -8.455762415593529036e-02 1.967382047841013601e-02 2.041657032255229964e+01 -2.102779655201483106e-02 -1.515159736721505279e-02 9.996640739879009141e-01 -1.231298542145311536e-01
-8.301825447303733119e-02 -9.964415634922317855e-01 -1.456522088880961123e-02 4.491838532321000166e+00 9.962796216839163721e-01 -8.332623512108738861e-02 2.199291440993762781e-02 2.125286245597779455e+01 -2.312832776332468185e-02 -1.268521568729448143e-02 9.996520223264505622e-01 -1.339480287775128842e-01
-8.172260226686454965e-02 -9.965572438954014567e-01 -1.396572939441047961e-02 4.431069625884171970e+00 9.963337312552978942e-01 -8.204406289116877860e-02 2.424669095180331455e-02 2.202190985554400982e+01 -2.530902976678430297e-02 -1.193302080199088941e-02 9.996084513611885880e-01 -1.441282773298652176e-01
-8.105322303671107231e-02 -9.966147310827857542e-01 -1.376293930683052461e-02 4.369669476973236932e+00 9.964787961409082850e-01 -8.132398176322173933e-02 2.040718456878101369e-02 2.279120592694795988e+01 -2.145736623812211780e-02 -1.206040533477789264e-02 9.996970181173828740e-01 -1.537256489461233944e-01
-8.060050231383558694e-02 -9.966779274169897951e-01 -1.168904121763537744e-02 4.305650240723432276e+00 9.966549554678240108e-01 -8.074649721399661251e-02 1.260703499119939820e-02 2.364285455697609706e+01 -1.350900979995065844e-02 -1.063380354655985363e-02 9.998522034861622165e-01 -1.624398216941201900e-01
-8.060476194503547742e-02 -9.967145301484623410e-01 -7.936206476396303819e-03 4.249922952623909289e+00 9.967087361379480814e-01 -8.066817600700902646e-02 8.023409993503495194e-03 2.442959891904534686e+01 -8.637254990760205239e-03 -7.263356888492419720e-03 9.999363186825886984e-01 -1.718412747399749030e-01
-8.112322167634763992e-02 -9.966836083299324134e-01 -6.385406189089760931e-03 4.184951894769339376e+00 9.966692662018452609e-01 -8.117228115089557272e-02 7.840216909270836254e-03 2.530778199753597590e+01 -8.332539984045766665e-03 -5.728109861711601705e-03 9.999488774403197944e-01 -1.773267618675505863e-01
-8.092884466288197132e-02 -9.966877057075533841e-01 -8.006561421160381456e-03 4.119152965085617346e+00 9.965803712511988044e-01 -8.104931018666633458e-02 1.608127284600448931e-02 2.611959948861673908e+01 -1.667694089294843515e-02 -6.677738658773082862e-03 9.998386306973513493e-01 -1.774703047047510029e-01
-8.121958325476363871e-02 -9.966497830056418872e-01 -9.620549747175671101e-03 4.051936572346362730e+00 9.964216474174242277e-01 -8.141998854437483557e-02 2.268744928708407022e-02 2.693400908388966641e+01 -2.339475522596314375e-02 -7.743454524173844396e-03 9.996963160687691863e-01 -1.813127205783289231e-01
-8.148451204029051598e-02 -9.966000510766522824e-01 -1.218926404182141959e-02 3.973728195757981307e+00 9.962333461159439407e-01 -8.180623401502837289e-02 2.875577222746770675e-02 2.783040499997443717e+01 -2.965517164133188097e-02 -9.800197168896738684e-03 9.995121444937897781e-01 -1.899207616641499508e-01
-8.178625713017692589e-02 -9.965512203138238156e-01 -1.402280697865986026e-02 3.901558733740763341e+00 9.961790615933712179e-01 -8.217196615622858469e-02 2.958174240575195749e-02 2.864159399953681984e+01 -3.063201305645599920e-02 -1.154984286257771699e-02 9.994639968319393164e-01 -1.984531323904410449e-01
-8.222520733514215863e-02 -9.965145909410937364e-01 -1.405884073304495933e-02 3.824653960328093127e+00 9.962443493249650839e-01 -8.257061525489634013e-02 2.606384909940269792e-02 2.952947443372550040e+01 -2.713386242663185996e-02 -1.186293143645302840e-02 9.995614160168531104e-01 -2.106413507507234328e-01
-8.268147662479473359e-02 -9.964826170894484081e-01 -1.364305479701240394e-02 3.756568001150221825e+00 9.962881137767684026e-01 -8.297890008941009865e-02 2.290263757773503342e-02 3.033526735912329642e+01 -2.395417476960133574e-02 -1.169878560733038711e-02 9.996446048086284897e-01 -2.236782381070041570e-01
-8.262024197262338165e-02 -9.964646113474389111e-01 -1.523612944724504238e-02 3.686640770141115464e+00 9.962637152709499233e-01 -8.297010235661426980e-02 2.397094202065993065e-02 3.114494544531542175e+01 -2.515034769531923273e-02 -1.319871426258113940e-02 9.995965455866530069e-01 -2.354460177101560525e-01
-8.236002549381167548e-02 -9.964641786648716915e-01 -1.661121719918716086e-02 3.610368722349194037e+00 9.962076066511200700e-01 -8.278520596435572088e-02 2.677775963806115767e-02 3.203542636383770770e+01 -2.805825082529515152e-02 -1.434280047392233991e-02 9.995033860119769686e-01 -2.431165237095750387e-01
-8.236420990878659532e-02 -9.964506463040403439e-01 -1.738424887862529897e-02 3.539608547229082802e+00 9.962333199021385921e-01 -8.279581974466164451e-02 2.576933926906373531e-02 3.284211098240203341e+01 -2.711722727697839230e-02 -1.519629332558031752e-02 9.995167475607749097e-01 -2.517345704004814166e-01
-8.196341874166261643e-02 -9.964775097828442174e-01 -1.773516809961711224e-02 3.464477973107519482e+00 9.963986551110197709e-01 -8.231878788155290450e-02 2.033154199232084167e-02 3.372213224127824560e+01 -2.171987036923700432e-02 -1.600485167820865293e-02 9.996359796978195877e-01 -2.633818911680085861e-01
-8.162947958041275043e-02 -9.964901107659263069e-01 -1.854866339903345207e-02 3.397686037944565030e+00 9.965112135108955549e-01 -8.192746961328514765e-02 1.591620077375486761e-02 3.452258803035375223e+01 -1.737998951746911810e-02 -1.718471676515623964e-02 9.997012660750531632e-01 -2.718450547913100479e-01
-8.121489767768268198e-02 -9.965223898273222192e-01 -1.863418017900866225e-02 3.331896576525113396e+00 9.965377130553050300e-01 -8.152160481518425095e-02 1.633550684478525181e-02 3.532690067739444117e+01 -1.779779444914886613e-02 -1.724297367125874475e-02 9.996929119943811504e-01 -2.758474236039190064e-01
-8.040572038307580716e-02 -9.966021210180967538e-01 -1.786332013898066576e-02 3.261838305630865076e+00 9.965458866983747388e-01 -8.074873155189134233e-02 1.939000820869262939e-02 3.621429330949586500e+01 -2.076657208933481089e-02 -1.624254739275378390e-02 9.996524041297321084e-01 -2.757620650191044964e-01
-7.993453948794518316e-02 -9.966430665612686646e-01 -1.769273758404329988e-02 3.197781344376142698e+00 9.964850841807306736e-01 -8.034291002472113141e-02 2.371767575782237486e-02 3.702219638136298840e+01 -2.505955216019810014e-02 -1.573468431233119788e-02 9.995621233994586019e-01 -2.796651041458856346e-01
-7.927325237180654627e-02 -9.967026681151363032e-01 -1.730631433733197805e-02 3.127200976977763336e+00 9.963784013753641533e-01 -7.975919438860347432e-02 2.947179093747783959e-02 3.791199208724675174e+01 -3.075496031413503181e-02 -1.490730969061487658e-02 9.994157816297378760e-01 -2.882420835716479335e-01
-7.938232985866290614e-02 -9.966870302330493869e-01 -1.770240547289121322e-02 3.062948122531428563e+00 9.962456244122187554e-01 -7.993749831320334787e-02 3.323682352775835652e-02 3.871744927060168351e+01 -3.454180752237880764e-02 -1.499752411458667341e-02 9.992907173991705250e-01 -2.971696109606990488e-01
-7.913050414020227075e-02 -9.967134311242251687e-01 -1.733970057082393976e-02 3.000324516158758392e+00 9.962829427806385585e-01 -7.966634888502703571e-02 3.276591250023558333e-02 3.951813577142975475e+01 -3.403962620427004176e-02 -1.468246130719886786e-02 9.993126283855070513e-01 -3.087399331921548695e-01
-7.897699944232992875e-02 -9.967324978023743842e-01 -1.693892161585304132e-02 2.930572332907446675e+00 9.964164697810726778e-01 -7.944529249558482387e-02 2.902927029044688467e-02 4.039493262701626719e+01 -3.028014455451841919e-02 -1.458557237345403136e-02 9.994350273820880037e-01 -3.254293324003534327e-01
-7.862795011597488448e-02 -9.967550745208973995e-01 -1.723173116449545558e-02 2.865948282955517623e+00 9.965700981437884964e-01 -7.903723865670264637e-02 2.451915008474972110e-02 4.118928701518892410e+01 -2.580154487693082921e-02 -1.524473415273923382e-02 9.995508383025730748e-01 -3.369568551446553428e-01
-7.819413235409720941e-02 -9.967132786662746824e-01 -2.117270635508835055e-02 2.789727100578871077e+00 9.966675145213970133e-01 -7.865011462819178345e-02 2.163467870405282045e-02 4.206477239916311106e+01 -2.322881606610872895e-02 -1.941044086857178150e-02 9.995417234087119462e-01 -3.479894122716431504e-01
-7.861178783406533310e-02 -9.966121962807612533e-01 -2.417194139917702364e-02 2.720968951002835645e+00 9.966758674765341386e-01 -7.909078590945854692e-02 1.954218880687284138e-02 4.286013726334002882e+01 -2.138776998988587211e-02 -2.255534184285830704e-02 9.995167931390326332e-01 -3.581232528364485246e-01
-7.926850893353400151e-02 -9.965901650702219117e-01 -2.290222889690418651e-02 2.658519525535639527e+00 9.966551010503819086e-01 -7.968996477096362829e-02 1.811500595934316393e-02 4.365439590121518876e+01 -1.987832278843980685e-02 -2.138967117199269338e-02 9.995735761627247973e-01 -3.629242499529077293e-01
-8.069971442278159324e-02 -9.965634683336966892e-01 -1.867552877641060968e-02 2.594587664568688723e+00 9.966094942995888939e-01 -8.097652331985669139e-02 1.457233452271275605e-02 4.452402207678210289e+01 -1.603454319522614260e-02 -1.743622297050435865e-02 9.997193963619316337e-01 -3.688415893284089364e-01
-8.145834144010039024e-02 -9.965723087114879419e-01 -1.442698166198844861e-02 2.534955400944961301e+00 9.965843679280130818e-01 -8.163935200826254179e-02 1.243576307174905186e-02 4.531358154071250510e+01 -1.357095371884836470e-02 -1.336470415694023493e-02 9.998185904549807823e-01 -3.749092319635998205e-01
-8.319061698704449670e-02 -9.964387265245729930e-01 -1.375322556530768174e-02 2.464750230809703346e+00 9.963866561339168593e-01 -8.340747516778543313e-02 1.602681916213170507e-02 4.618527059069764817e+01 -1.711687284135509496e-02 -1.237024571218825822e-02 9.997769699443261882e-01 -3.770923196380248088e-01
-8.489519423892759320e-02 -9.963109148020844463e-01 -1.254323440273552234e-02 2.400414530630972543e+00 9.961140547408576795e-01 -8.516116669758427848e-02 2.245885006154184002e-02 4.697826008467322367e+01 -2.344420269941665386e-02 -1.058783966002604417e-02 9.996690787513421439e-01 -3.777683834954828068e-01
-8.664871469336665744e-02 -9.961795161660332854e-01 -1.087830409137828351e-02 2.336456800071559314e+00 9.958640617672893658e-01 -8.691047333484018533e-02 2.648347353275699520e-02 4.776574697099777467e+01 -2.732774181179433923e-02 -8.538548902478968264e-03 9.995900598535932824e-01 -3.805609146727825243e-01
-8.848329000558091684e-02 -9.960280773960362710e-01 -9.936906933025058813e-03 2.264226945072064012e+00 9.957389846921199661e-01 -8.870893329645156145e-02 2.519193886662378368e-02 4.862195011565649594e+01 -2.597338003258002972e-02 -7.665495614282505539e-03 9.996332446200820732e-01 -3.863110023579817698e-01
-8.936717440260473488e-02 -9.959080813950319522e-01 -1.343753219703417746e-02 2.189158475416559835e+00 9.957291349611632203e-01 -8.964875773494543343e-02 2.205956285447776416e-02 4.939343836594528625e+01 -2.317396371483639375e-02 -1.140873761049839528e-02 9.996663483905208203e-01 -3.908374348861982650e-01
-9.053133694781542729e-02 -9.957466671429267002e-01 -1.710607065521501519e-02 2.112485195552403106e+00 9.957043362265820541e-01 -9.083565475067269246e-02 1.793858846378611205e-02 5.016094305899629546e+01 -1.941613892026235189e-02 -1.540858093755835892e-02 9.996927473595973446e-01 -3.964792263135814565e-01
-9.163719292204115796e-02 -9.955588998392402855e-01 -2.156542607892434835e-02 2.025228933277002596e+00 9.956281197110004033e-01 -9.199403719477508568e-02 1.617957588680116188e-02 5.100275888443724881e+01 -1.809161927853763716e-02 -1.998849088853777572e-02 9.996365106635676234e-01 -4.039734161289991743e-01
-9.250979926545103982e-02 -9.954235972258567156e-01 -2.395339054387348593e-02 1.948027478282049474e+00 9.955192368096228428e-01 -9.293822525768481724e-02 1.743472765154430518e-02 5.176869910835525701e+01 -1.958113306320551084e-02 -2.223317538860381318e-02 9.995610361788871412e-01 -4.057814682851955679e-01
-9.349906021428652791e-02 -9.953368868220924259e-01 -2.371441056496151681e-02 1.868479456777923486e+00 9.953935657024191030e-01 -9.395860806231164097e-02 1.906472165029454366e-02 5.260770282338609860e+01 -2.120400210822022055e-02 -2.182263554632420458e-02 9.995369741995184798e-01 -4.083602708804342507e-01
-9.435057857968980055e-02 -9.952140262512059188e-01 -2.543572456528808701e-02 1.793730748021059140e+00 9.953188661117243763e-01 -9.483624806972164312e-02 1.861384146067488615e-02 5.336399251277349265e+01 -2.093699314989763000e-02 -2.356042745299040050e-02 9.995031508137741660e-01 -4.116937950295155302e-01
-9.488664033786491092e-02 -9.951332499169102119e-01 -2.657642210463814422e-02 1.719535089391764471e+00 9.952705562829238239e-01 -9.539018728361570165e-02 1.836480993987304328e-02 5.411677178633486562e+01 -2.081057122172101648e-02 -2.470815307208407488e-02 9.994780773997293810e-01 -4.123134528080768524e-01
-9.546020494498783093e-02 -9.951138341220985284e-01 -2.521452412200776011e-02 1.642795059681305903e+00 9.951813286434476602e-01 -9.597527879386004435e-02 2.007244981145297688e-02 5.494099111183908235e+01 -2.239435207188152782e-02 -2.317690102074763253e-02 9.994805271623877774e-01 -4.158783543965233198e-01
-9.576060404854981611e-02 -9.951093116721161369e-01 -2.423489942709233791e-02 1.573214304583157475e+00 9.950964502391507205e-01 -9.630817926384610539e-02 2.253494104821093455e-02 5.568812127121520916e+01 -2.475875769526063655e-02 -2.195810024383323261e-02 9.994522728458878902e-01 -4.177405342789430875e-01
-9.568236964085213847e-02 -9.950915259602757246e-01 -2.525282003167930375e-02 1.492034489833217181e+00 9.949761294791701349e-01 -9.636031475004458446e-02 2.715190058347585061e-02 5.650591047474245698e+01 -2.945200561534963221e-02 -2.252799243758174530e-02 9.993122979864719202e-01 -4.221907006246162775e-01
-9.609755355868908333e-02 -9.950467543942925763e-01 -2.543978361419691261e-02 1.420268249993641874e+00 9.948620047688133683e-01 -9.683494336838029126e-02 2.954013168363455594e-02 5.724140801812268364e+01 -3.185728229685973883e-02 -2.247033722330321268e-02 9.992398098150145902e-01 -4.281614256567642940e-01
-9.681848738056680892e-02 -9.949868938730145329e-01 -2.504450731344452785e-02 1.351212418260781201e+00 9.947954693863039211e-01 -9.754130488253930087e-02 2.945678353050695461e-02 5.796852599007371509e+01 -3.175199758969017572e-02 -2.206219861071442162e-02 9.992522554648325395e-01 -4.363503165885046498e-01
-9.733893653950578817e-02 -9.949576218732275601e-01 -2.417494435135099026e-02 1.275518289604879341e+00 9.948061572162594235e-01 -9.799310953733805785e-02 2.753351103943707523e-02 5.875957601310845035e+01 -2.976366442990545022e-02 -2.136929814293331287e-02 9.993285132375570035e-01 -4.436473267092924111e-01
-9.748400382509989082e-02 -9.949570682932801224e-01 -2.360650492929011399e-02 1.205540199589086425e+00 9.948893563372842586e-01 -9.804950485611230171e-02 2.411425840554176636e-02 5.946598058586204871e+01 -2.630726719961630489e-02 -2.113510334089888087e-02 9.994304553402192370e-01 -4.486121328633770888e-01
-9.743400070145098735e-02 -9.949625749779626993e-01 -2.358083381924887256e-02 1.129331669804627181e+00 9.949639454105215775e-01 -9.793947503654480691e-02 2.132230759458901906e-02 6.023232651729790632e+01 -2.352440133437190897e-02 -2.138455905712909402e-02 9.994945238040326974e-01 -4.527630989821262997e-01
-9.626133951960016977e-02 -9.950707701521139814e-01 -2.383028994957561014e-02 1.062469649923119430e+00 9.951316890960455463e-01 -9.672042592590388010e-02 1.892392217562536422e-02 6.091406025797837032e+01 -2.113552600009115795e-02 -2.189263199995782408e-02 9.995368938281163906e-01 -4.549269777383386781e-01
-9.407706723670529458e-02 -9.952319443588439896e-01 -2.574583765864687374e-02 9.970310201375058856e-01 9.953548820200653902e-01 -9.455696296521465261e-02 1.810176452258293114e-02 6.158298418549233588e+01 -2.044991080217123045e-02 -2.392328196632413639e-02 9.995046161144229835e-01 -4.549017402451431824e-01
-8.994849842760194170e-02 -9.955869221540206704e-01 -2.675656653596650628e-02 9.314456863763681538e-01 9.957111378735774565e-01 -9.047873743641331179e-02 1.931223160387305141e-02 6.230273731700123108e+01 -2.164791405919795630e-02 -2.490470290222146499e-02 9.994554134631747910e-01 -4.527750079077703660e-01
-8.435562488285540395e-02 -9.961004616389759203e-01 -2.584501158239444971e-02 8.800118222850881189e-01 9.961802193617235179e-01 -8.489296740053979551e-02 2.044966912823855190e-02 6.294111413341467198e+01 -2.256399321439468003e-02 -2.402124242926764394e-02 9.994567754749725808e-01 -4.515665321046732350e-01
-7.679183367495814871e-02 -9.967345198857032740e-01 -2.496551332061090755e-02 8.298088894950509387e-01 9.967534868182411634e-01 -7.735283988157959367e-02 2.233962925753611370e-02 6.362804063692318124e+01 -2.419784189493751764e-02 -2.316895902612265551e-02 9.994386743175074361e-01 -4.496340100200573175e-01
-6.848119931184547260e-02 -9.973194117402244263e-01 -2.577366825368350781e-02 7.876696232757283145e-01 9.973271424134867447e-01 -6.909567739472478876e-02 2.375695180867981940e-02 6.423790026598297231e+01 -2.547412737767084170e-02 -2.407787218239365937e-02 9.993854736029949004e-01 -4.483916021704154042e-01
-5.704622156815363637e-02 -9.979890234428987483e-01 -2.763337326502097319e-02 7.514932230808063496e-01 9.980051561301830354e-01 -5.775324298695232866e-02 2.550109187315491299e-02 6.483288729538733719e+01 -2.704573606259992949e-02 -2.612350620613812166e-02 9.992927951976584566e-01 -4.484531805306707364e-01
-4.155802684714825918e-02 -9.986733413446744478e-01 -3.040482319675243128e-02 7.230070470524085913e-01 9.987271832951020167e-01 -4.239233848860610165e-02 2.733015639129060884e-02 6.546983677637361154e+01 -2.858283977897884895e-02 -2.923033467463392876e-02 9.991639548942486959e-01 -4.513072464374593418e-01
-2.394907126497988759e-02 -9.992185716862130862e-01 -3.144286133305818076e-02 7.107306154868957560e-01 9.992768382451645559e-01 -2.485595174162374618e-02 2.877527937622558971e-02 6.602926020012728259e+01 -2.953434557851753253e-02 -3.073098073876770475e-02 9.990912516956439449e-01 -4.544995004378024062e-01
-8.048687819564707448e-04 -9.994927527519528176e-01 -3.183637718302469860e-02 7.142675998419738548e-01 9.995542840232881643e-01 -1.754204382556835695e-03 2.980252617507416629e-02 6.662247755113793346e+01 -2.984326626533049739e-02 -3.179819922614460226e-02 9.990486744630016069e-01 -4.571270745091312593e-01
2.349519653885467213e-02 -9.992509760690698739e-01 -3.074781478489983441e-02 7.352415740222204565e-01 9.992733364492945025e-01 2.255013679627518655e-02 3.072986948471708585e-02 6.713949647596940906e+01 -3.001349450032928315e-02 -3.144747501509347759e-02 9.990546763951595466e-01 -4.584017162871860673e-01
5.391839383482417009e-02 -9.981536264457779861e-01 -2.796623762949987033e-02 7.813626896876602057e-01 9.981294316801622157e-01 5.306651115814112196e-02 3.035815249997051227e-02 6.768234493285370945e+01 -2.881803900074525471e-02 -2.955078682503732221e-02 9.991477726455516573e-01 -4.594782429639689969e-01
8.617287649533890426e-02 -9.959463714488053787e-01 -2.578810453459623106e-02 8.396325698598793297e-01 9.958757446000439106e-01 8.537153033584991835e-02 3.071217004779678433e-02 6.815302609303975601e+01 -2.838611393944955041e-02 -2.832830297579005258e-02 9.991955442961593103e-01 -4.588724377554963541e-01
1.218050675641652869e-01 -9.922679752151793986e-01 -2.382765016266933517e-02 9.125457300606268918e-01 9.921586912012665405e-01 1.210439386266107115e-01 3.113728323021076189e-02 6.860462396529159435e+01 -2.801234585002448582e-02 -2.743348828322831126e-02 9.992310604434615495e-01 -4.591875647367550384e-01
1.642077421144567673e-01 -9.861768745818549897e-01 -2.215752515670885159e-02 1.011794086316724295e+00 9.860523182824829647e-01 1.634860938832693178e-01 3.119545347071326150e-02 6.908370483541942519e+01 -2.714179688323909226e-02 -2.697101337309265601e-02 9.992676754741109946e-01 -4.581666482618462766e-01
2.069398762603983921e-01 -9.781584706445339839e-01 -1.954126179058280829e-02 1.122924160973647112e+00 9.779592352910374542e-01 2.062480611730622970e-01 3.251929306602074909e-02 6.950909619333344835e+01 -2.777868399334289251e-02 -2.584009533319715779e-02 9.992800579146410289e-01 -4.578565514283351456e-01
2.571640081870307792e-01 -9.662507154904936835e-01 -1.503979679758275789e-02 1.270158917288787492e+00 9.659924863955448027e-01 2.565992975454243208e-01 3.186454118888475129e-02 6.996212037199157407e+01 -2.692994360907955201e-02 -2.272274309653542559e-02 9.993790347232270888e-01 -4.555831626044638538e-01
3.044551548426697729e-01 -9.525002911063059630e-01 -7.086803457416171806e-03 1.432557536752971483e+00 9.522175030339566915e-01 3.041583571026865163e-01 2.774080194841772179e-02 7.035638288278926211e+01 -2.426762011253965137e-02 -1.519400697771032364e-02 9.995900283328914560e-01 -4.543737652549776351e-01
