9.999999999999998890e-01 1.275359777844808879e-17 3.611432104340682967e-19 5.917488721252084360e-14 2.550935419340371093e-17 1.000000000000000000e+00 -7.667083235279421702e-18 4.314326673693358316e-13 -9.622585555252094445e-19 -7.359427695254467043e-18 9.999999999999998890e-01 -2.910061080996229066e-11
9.999975830996383763e-01 6.193425739186357538e-04 2.109551784684287040e-03 7.796201736349147593e-01 -6.251720652628638087e-04 9.999959851908013508e-01 2.763835852727943021e-03 -6.160529306863837817e-03 -2.107831893600933815e-03 -2.765148359437632260e-03 9.999939554685973730e-01 1.737240036820600908e-01
9.999941049302788487e-01 1.430769559047710823e-03 3.121378091479852079e-03 1.573004663169476736e+00 -1.447665794607068618e-03 9.999842772164863058e-01 5.417530217020453086e-03 -1.143453414896533626e-02 -3.113578276339954917e-03 -5.422017686354727722e-03 9.999804534621726804e-01 3.451649657531731252e-01
9.999929984426466634e-01 2.247296151745252837e-03 2.992110238831736588e-03 2.379757642222465996e+00 -2.267770083632006817e-03 9.999739197691698278e-01 6.856898904966837738e-03 -2.801430579289954093e-02 -2.976623193899709079e-03 -6.863637192326218876e-03 9.999720146777110186e-01 5.348215037757343415e-01
9.999921720243474255e-01 2.650765793525509430e-03 2.937571901621377317e-03 3.134987109464831168e+00 -2.676429730802692801e-03 9.999579856367372122e-01 8.767198108518487951e-03 -3.931429249366918954e-02 -2.914209152788386180e-03 -8.774992806742555260e-03 9.999572524917530458e-01 7.048415224411523905e-01
9.999897514656533870e-01 3.433976005167799390e-03 2.950384746406441334e-03 3.833543308278450912e+00 -3.460172974303994762e-03 9.999542259047926596e-01 8.920391080054374325e-03 -4.530288782727648345e-02 -2.919617743513311034e-03 -8.930509643415403959e-03 9.999558599024058747e-01 8.774961465529154125e-01
9.999814499595993667e-01 4.238621296045343330e-03 4.374222432991948378e-03 4.608554443884603558e+00 -4.278889545255934283e-03 9.999481753174498389e-01 9.237849596396027416e-03 -5.316455367606559568e-02 -4.334840677609282447e-03 -9.256396232895302070e-03 9.999477627395287893e-01 1.067582371173317002e+00
9.999614039979979330e-01 5.144111936147288851e-03 7.122402466884531803e-03 5.275470891031595499e+00 -5.214608236411480587e-03 9.999372497057703590e-01 9.914867566357985634e-03 -6.764593139523417120e-02 -7.070953469122751543e-03 -9.951626703873414290e-03 9.999254805563099202e-01 1.239828038116921549e+00
9.999102287933117061e-01 6.833588469593586054e-03 1.152546741735804153e-02 5.962094813802142568e+00 -6.945736272070080104e-03 9.999286500714470449e-01 9.718621325766774871e-03 -7.144543036263328872e-02 -1.145823384614792946e-02 -9.797802983849294989e-03 9.998863494773906346e-01 1.433324629953807383e+00
9.998517039077087221e-01 8.189055022843502035e-03 1.514957195358648465e-02 6.554822836838453348e+00 -8.325017914487416876e-03 9.999254406101696357e-01 8.933497569291262014e-03 -8.385480395500910511e-02 -1.507528791782054844e-02 -9.058294383059908167e-03 9.998453295164375643e-01 1.608599874706157840e+00
9.997990470369849669e-01 9.339013863801004858e-03 1.773832881796439179e-02 7.128521424896384850e+00 -9.483215692943506095e-03 9.999225275164002058e-01 8.062732849571190713e-03 -1.004657391327833937e-01 -1.766165943691098625e-02 -8.229330070241125394e-03 9.998101539250320302e-01 1.782702685051609226e+00
9.997776701597198556e-01 1.094978843714711908e-02 1.801977596389142330e-02 7.746557588019377327e+00 -1.110420143315651517e-02 9.999022913792258160e-01 8.491436006409378012e-03 -1.171409229397851193e-01 -1.792503870862724100e-02 -8.689644440187889451e-03 9.998015718350554693e-01 1.972805977549826340e+00
9.997931372876242007e-01 1.240837489004703760e-02 1.611566992484978963e-02 8.260143814959491237e+00 -1.256508138918118953e-02 9.998744009236502084e-01 9.659254516126637019e-03 -1.061471740536023001e-01 -1.599379269898483155e-02 -9.859752341674377432e-03 9.998234763378691659e-01 2.145566551665040844e+00
9.998231213567465581e-01 1.377782734440392322e-02 1.280224356279334799e-02 8.764346065827828269e+00 -1.390113826501408918e-02 9.998573523847785749e-01 9.593400256516022157e-03 -8.202837297316606380e-02 -1.266824313199777299e-02 -9.769670395950261557e-03 9.998720263607435710e-01 2.340184094777514545e+00
9.998112703305296334e-01 1.557587360146381328e-02 1.161102280307169284e-02 9.196381636939689130e+00 -1.567337023454938236e-02 9.998422682450258669e-01 8.353692607562700906e-03 -7.674395839297237787e-02 -1.147907710489908667e-02 -8.534100967971408949e-03 9.998976946950672851e-01 2.514851334236750002e+00
9.998002468788412811e-01 1.759466424558580114e-02 9.481250168891107791e-03 9.609901847202740655e+00 -1.764066902661466305e-02 9.998329148661138088e-01 4.790532738360096278e-03 -6.895273194565909591e-02 -9.395379618414734929e-03 -4.956832043472266143e-03 9.999435767216836579e-01 2.692502768448846950e+00
9.997733481180437476e-01 1.970749284494386841e-02 8.054011011695214051e-03 1.003444036438645348e+01 -1.972751566476760310e-02 9.998024790305990450e-01 2.414143509688322035e-03 -8.217950000205059835e-02 -8.004844663908180710e-03 -2.572482295295228007e-03 9.999646517667785117e-01 2.885810766663089666e+00
9.997374171869118920e-01 2.192248612451999298e-02 6.670925959430641129e-03 1.041008585169529610e+01 -2.196624353123293946e-02 9.997372019622787764e-01 6.558295236624496483e-03 -7.812405585650716855e-02 -6.525399669133742642e-03 -6.703109181010684370e-03 9.999562427592630920e-01 3.064590102628359070e+00
9.996632776756175787e-01 2.522349876316149972e-02 6.091497936780848610e-03 1.074949228280351932e+01 -2.529146197574172819e-02 9.996156831938456389e-01 1.135024162394665699e-02 -7.435010290384513887e-02 -5.802864884222064951e-03 -1.150048410199235038e-02 9.999170293247020558e-01 3.263896502239380659e+00
9.995677638883536664e-01 2.854275481825691713e-02 7.042478580507013572e-03 1.103192726450251904e+01 -2.862742709544609243e-02 9.995153281422571867e-01 1.223026410682086750e-02 -6.932865495605688988e-02 -6.689980805334472605e-03 -1.242658737446210825e-02 9.999004070344017503e-01 3.445007393395430828e+00
9.994685156396332371e-01 3.167789035885074100e-02 7.693988651518990363e-03 1.129943142361567254e+01 -3.174195822002821854e-02 9.994611962032577956e-01 8.352573531605534188e-03 -8.862725041134716930e-02 -7.425252242849616525e-03 -8.592357631711781962e-03 9.999355163975924832e-01 3.619730745763500845e+00
9.993831169293131422e-01 3.444493790646872139e-02 6.850678683698406719e-03 1.156308719293118514e+01 -3.446568414835959188e-02 9.994015765892293457e-01 2.933496247645818629e-03 -1.112258271076233540e-01 -6.745535907565065187e-03 -3.167800352361570607e-03 9.999722309964429456e-01 3.810839242672694915e+00
9.992849439918067844e-01 3.689011130429759727e-02 8.289773165499491128e-03 1.178156828570469727e+01 -3.688694185411199589e-02 9.993193019404820188e-01 -5.351036869963015242e-04 -1.370368945286701279e-01 -8.303871535713365157e-03 2.289367112633100001e-04 9.999654960644875912e-01 3.984901507990487257e+00
9.991652777069146563e-01 3.969825815334067365e-02 9.633070814771414053e-03 1.189019006519481358e+01 -3.969142798167397956e-02 9.992115800404551829e-01 -8.993931561172805204e-04 -1.331698257405809493e-01 -9.661181626218122084e-03 5.162921476414897553e-04 9.999531964211721968e-01 4.192732299279724906e+00
9.990950333145754980e-01 4.166109832432844662e-02 8.571302037700319690e-03 1.199889468375243418e+01 -4.166179786799772272e-02 9.991317656956387738e-01 -9.716150046300961658e-05 -1.402657634068246451e-01 -8.567909181512735686e-03 -2.600223078087662127e-04 9.999632609904015590e-01 4.373600980471109345e+00
9.990140526939659260e-01 4.383756228040389114e-02 7.013599375829547740e-03 1.209295759053587105e+01 -4.384326671524968466e-02 9.990382027830541078e-01 6.613788165217336992e-04 -1.506573114025460125e-01 -6.977861398415784872e-03 -9.682259574651563882e-04 9.999751856859685484e-01 4.552350744874331667e+00
9.988973580546065545e-01 4.655815946142505962e-02 6.033719834821324804e-03 1.218641732430814884e+01 -4.657694301968774014e-02 9.989101686678166780e-01 3.010551473521243682e-03 -1.577347514554745533e-01 -5.886979089250318591e-03 -3.288264551946462437e-03 9.999772651257060607e-01 4.751183778363314403e+00
9.988188661827092085e-01 4.823278095056970916e-02 5.871227287916087369e-03 1.227525842996826810e+01 -4.826720125803087708e-02 9.988172173400103881e-01 5.868881309941207519e-03 -1.707913466355045484e-01 -5.581211104108088454e-03 -6.145337863950580196e-03 9.999655418336125257e-01 4.931118235674899708e+00
9.987581312798565758e-01 4.961299234710175171e-02 4.554788715929408358e-03 1.229070848996589937e+01 -4.964649500911058611e-02 9.987382182520821994e-01 7.562876079151795855e-03 -1.528525336537925328e-01 -4.173825086471966671e-03 -7.779614263066524961e-03 9.999610276005419518e-01 5.140961910828365511e+00
9.986684267009354743e-01 5.151662565157343054e-02 2.722259026240382573e-03 1.233232862323816192e+01 -5.153416456172014992e-02 9.986479357550033242e-01 6.821323528982445317e-03 -1.555743805828840032e-01 -2.367166916170260725e-03 -6.952530662926077916e-03 9.999730290245981701e-01 5.322543844797408497e+00
9.985954030483960020e-01 5.297163543302588901e-02 1.107586147626498296e-03 1.236271678951916719e+01 -5.297702243246459053e-02 9.985801020888718238e-01 5.587035082243645666e-03 -1.548198843421339232e-01 -8.100589722418518072e-04 -5.637864878961793350e-03 9.999837789846964808e-01 5.503993556474686244e+00
9.985332732120543175e-01 5.414129721561250497e-02 -1.487154299202123877e-04 1.242338069671057355e+01 -5.413997699369708927e-02 9.985219812559131825e-01 4.766129661905105404e-03 -1.711885895249941891e-01 4.065404024931916559e-04 -4.751088201100074626e-03 9.999886308562178083e-01 5.696877887610282798e+00
9.984537967157338656e-01 5.557059202601227765e-02 -1.387447781256726615e-03 1.244480268100662634e+01 -5.556224585685683170e-02 9.984402656215998206e-01 5.465618395218861322e-03 -1.691051565080777808e-01 1.689011931095267538e-03 -5.380078402722706689e-03 9.999841008465664149e-01 5.879543404863694533e+00
9.983710878892085860e-01 5.694008903631133517e-02 -3.605135857969708063e-03 1.248289725786184334e+01 -5.691572066787371070e-02 9.983575936479852642e-01 6.535757358616052330e-03 -1.782115859451801898e-01 3.971362293648282756e-03 -6.319923078223971431e-03 9.999721430113589493e-01 6.076896128359573268e+00
9.983160764356834305e-01 5.772304457717964549e-02 -5.749915157286266017e-03 1.250302758616347099e+01 -5.768437173775754073e-02 9.983125270575191612e-01 6.679203511882346282e-03 -1.811667697204242256e-01 6.125757575089874930e-03 -6.336276801714750204e-03 9.999611625651307900e-01 6.258575858968869809e+00
9.982570566953347102e-01 5.847085795035605188e-02 -8.000461779910820331e-03 1.254680519420001694e+01 -5.842412875322637589e-02 9.982740881254372756e-01 5.955361965124139623e-03 -1.974764114128378101e-01 8.334870456335241595e-03 -5.477562789218437186e-03 9.999502618634636963e-01 6.434918202450120361e+00
9.982618972498837895e-01 5.805235732902476464e-02 -1.015421893046996107e-02 1.259534894450117548e+01 -5.800376763884883963e-02 9.983037608357456794e-01 5.016394181579825369e-03 -2.143736185628640767e-01 1.042821043740824009e-02 -4.418692773961207729e-03 9.999358617216808076e-01 6.628810300931877286e+00
9.983601223740019570e-01 5.609291942385850188e-02 -1.143023628032022870e-02 1.263453055186830554e+01 -5.604449539339189518e-02 9.984180676611738026e-01 4.514073680353286253e-03 -2.198957596424043204e-01 1.166536416586806506e-02 -3.866069813689684831e-03 9.999244835327130154e-01 6.806040962412774675e+00
9.985223523670982981e-01 5.288206712599159698e-02 -1.251393884620887777e-02 1.266502694245982674e+01 -5.282703426404979086e-02 9.985926708420478359e-01 4.688532583587532929e-03 -2.128131754277099719e-01 1.274426924430937212e-02 -4.020530815494038207e-03 9.999107054739067024e-01 7.003713366884873892e+00
9.987050281587700473e-01 4.900856621278761038e-02 -1.365382888119478534e-02 1.271051262228210810e+01 -4.894049226894318233e-02 9.987877595910441553e-01 5.276328729698066128e-03 -2.166051081881367746e-01 1.389586496642558448e-02 -4.601271508521898729e-03 9.998928608731501022e-01 7.179895706156305124e+00
9.989391698596892244e-01 4.359403123466628477e-02 -1.483560745398442363e-02 1.276138358054593169e+01 -4.351544528050795002e-02 9.990371736687748694e-01 5.579585272171669504e-03 -2.234263163729693635e-01 1.506456262082076988e-02 -4.928088841721670402e-03 9.998743785515085136e-01 7.354666468392338174e+00
9.992072785167519511e-01 3.655221335876633615e-02 -1.577181543047449092e-02 1.281681053808019755e+01 -3.647012118355483917e-02 9.993198183979227212e-01 5.461768809696097154e-03 -2.290217065621447667e-01 1.596073024724863412e-02 -4.882239750199929111e-03 9.998606997078213210e-01 7.546588566021755540e+00
9.994225759305753742e-01 2.961313910245121778e-02 -1.666063113901007295e-02 1.284647366312565531e+01 -2.952462589472865107e-02 9.995487341429157846e-01 5.533951891017146844e-03 -2.225078814177313125e-01 1.681699333369311711e-02 -5.038858195970681748e-03 9.998458874454986267e-01 7.723072550842968731e+00
9.996210510546238437e-01 2.091657260440782720e-02 -1.789556388171895801e-02 1.288144369963742619e+01 -2.081859660372178608e-02 9.997673395773107874e-01 5.643830184916620932e-03 -2.122766645893588988e-01 1.800945290853168956e-02 -5.269131610493152373e-03 9.998239324306543718e-01 7.916695907575224567e+00
9.997502084218978791e-01 1.128620083769725328e-02 -1.929099177846205215e-02 1.293731738295833189e+01 -1.120066483891053559e-02 9.999269807929113130e-01 4.536324220948274866e-03 -2.137045291851658868e-01 1.934078423310727976e-02 -4.319119706235326032e-03 9.998036203622887585e-01 8.089687204453751335e+00
9.997773149184161490e-01 -1.056579832132467948e-03 -2.107615104638998690e-02 1.299601042503765136e+01 1.122701595296227281e-03 9.999944847827713090e-01 3.125695883260861101e-03 -2.090869666235463109e-01 2.107273568161982177e-02 -3.148662471172381482e-03 9.997729871208760333e-01 8.263629433590644169e+00
9.995647065354629213e-01 -1.800465201297053036e-02 -2.337156097014398554e-02 1.309664833295759045e+01 1.806105754806078614e-02 9.998344553965526904e-01 2.204548141924089853e-03 -2.117866753788803236e-01 2.332800351720593426e-02 -2.625703962713523982e-03 9.997244170233118288e-01 8.452166891469332199e+00
9.990265972233800529e-01 -3.662716851085461717e-02 -2.458268571670904970e-02 1.316166883915078678e+01 3.670119288754793152e-02 9.993229882299161648e-01 2.566652060563131329e-03 -1.844284602096959436e-01 2.447203755049994628e-02 -3.466368008873923785e-03 9.996945052035255408e-01 8.629954457858190153e+00
9.980406193387035829e-01 -5.752446512810165113e-02 -2.461418027731898661e-02 1.326062239656252117e+01 5.762194797781552968e-02 9.983331231950829388e-01 3.269003223002870870e-03 -1.613551194814906165e-01 2.438510749054107266e-02 -4.680915612335585785e-03 9.996916802761963705e-01 8.805946612979294486e+00
9.963022522420310612e-01 -8.259953066624950435e-02 -2.364612894610465879e-02 1.338569762794907447e+01 8.271289612840100614e-02 9.965659608198121910e-01 3.855231889728678515e-03 -1.276583404621607354e-01 2.324649024014713294e-02 -5.796816752263160392e-03 9.997129576235895820e-01 9.000258044699876336e+00
9.938623335846508144e-01 -1.082994255797079669e-01 -2.255872003502274251e-02 1.353085963852969797e+01 1.084302531166151246e-01 9.940931579562599651e-01 4.655529132192573992e-03 -9.714339964838000774e-02 2.192128113752661242e-02 -7.073003652740179198e-03 9.997346798355520869e-01 9.175958289243014931e+00
9.898943569600772152e-01 -1.402496219717019321e-01 -2.095721567380018011e-02 1.370122015463338450e+01 1.403975909482953199e-01 9.900784696412725516e-01 5.756833134540700891e-03 -4.489665855908284153e-02 1.994189690052588365e-02 -8.641000290940300740e-03 9.997637990293232191e-01 9.370864692736150303e+00
9.848764468883282053e-01 -1.723044461864695343e-01 -1.815381938639546236e-02 1.387703733767019720e+01 1.724321536130969668e-01 9.850048514539295752e-01 5.709297208123080732e-03 1.803071776883327648e-02 1.689786476988464764e-02 -8.753255574980182974e-03 9.998189049281379637e-01 9.547413080775156047e+00
9.780868398899771332e-01 -2.076480898192478719e-01 -1.511300607558185155e-02 1.406785864374991668e+01 2.077629759146200072e-01 9.781578768839753746e-01 6.458735036998238845e-03 8.957342534370407727e-02 1.344176310150914377e-02 -9.457127969491269451e-03 9.998649317191615760e-01 9.722786260813149894e+00
9.681978989542346925e-01 -2.499769730637028398e-01 -1.021465956464960405e-02 1.428923960614500110e+01 2.500595275247345373e-01 9.681990870761174595e-01 7.795042313162486684e-03 1.875905850713825984e-01 7.941243037170435740e-03 -1.010141767853090476e-02 9.999174455637909187e-01 9.914674290835025161e+00
9.569912875846852129e-01 -2.900241457019995250e-01 -7.325812368291639495e-03 1.450674846040491595e+01 2.900927748082097746e-01 9.569314026471145151e-01 1.133470805259971341e-02 2.864802167803138233e-01 3.722960055316869559e-03 -1.297238354814214331e-02 9.999089242169733049e-01 1.008684653460569081e+01
9.437408786423299167e-01 -3.306485839338094146e-01 -4.966304661409804040e-03 1.472637873450971391e+01 3.306858715656966208e-01 9.436293852119496117e-01 1.450660445844272756e-02 4.164320806133202657e-01 -1.102388620414126286e-04 -1.533276411744945861e-02 9.998824401250039351e-01 1.026017601706305094e+01
9.264144556562541322e-01 -3.765042110871492653e-01 -9.113265537234743622e-04 1.498717791340928862e+01 3.764637956661229246e-01 9.262736008228840134e-01 1.709479339083944116e-02 5.679809229734009701e-01 -5.592126744002153503e-03 -1.617994688534591177e-02 9.998534579207783990e-01 1.045001914714580948e+01
9.080944872806172574e-01 -4.187377128394931258e-01 4.808737910094292023e-03 1.522616227306345138e+01 4.185711483285536882e-01 9.079632057340560891e-01 2.002540824940918923e-02 7.315397282721433081e-01 -1.275155488385234896e-02 -1.617216551553165085e-02 9.997879069139086194e-01 1.062241303089520450e+01
8.874383993268374349e-01 -4.608377132020641809e-01 9.037816313209013144e-03 1.545496304178006319e+01 4.605312212678149275e-01 8.873189035199584573e-01 2.400344001350272066e-02 9.010373778901149544e-01 -1.908112105010626239e-02 -1.713937945051467390e-02 9.996710220967475191e-01 1.079227659394720540e+01
8.616675465020660063e-01 -5.073696329947761097e-01 1.025114044953970120e-02 1.568958238575736175e+01 5.069287142459188988e-01 8.615029017914975773e-01 2.891431948284339803e-02 1.109388487602586126e+00 -2.350164124143548985e-02 -1.971793513502329009e-02 9.995293271530172330e-01 1.097733829778419334e+01
8.351429912106078657e-01 -5.499264310108230580e-01 1.082100744012071646e-02 1.591694557290842660e+01 5.493919432056483254e-01 8.349578300992356317e-01 3.184219269455822177e-02 1.325407213632715075e+00 -2.654595531490561849e-02 -2.064781159307155570e-02 9.994343300584662693e-01 1.114211040538138775e+01
8.030344724327038719e-01 -5.958745831823781813e-01 8.312935222566247145e-03 1.615844928500422384e+01 5.952925957521300049e-01 8.027403325108500853e-01 3.513824623044634748e-02 1.595375769039960145e+00 -2.761112365130331814e-02 -2.326859625915646615e-02 9.993478864958355024e-01 1.132031813402223541e+01
7.710091158900591601e-01 -6.367748857654079719e-01 7.916692328388206731e-03 1.637631037847252813e+01 6.361243911717958666e-01 7.706850415330730453e-01 3.728726035504336539e-02 1.850921590016859408e+00 -2.984487531551812192e-02 -2.371281847483351982e-02 9.992732287225216670e-01 1.147750379108676633e+01
7.359687878311266251e-01 -6.769753692026416747e-01 7.367289079711025930e-03 1.658961414712215188e+01 6.762230771402044649e-01 7.355902035334378475e-01 4.036605357809088662e-02 2.124825499548737895e+00 -3.274613837568670499e-02 -2.472622650948430242e-02 9.991577974245249294e-01 1.163166379149909346e+01
6.952063545125717337e-01 -7.187627171258483827e-01 8.262154651037917005e-03 1.681924196485294942e+01 7.179255833667763653e-01 6.948749733357265645e-01 4.161305138655024827e-02 2.454276628456340870e+00 -3.565108373321902030e-02 -2.299804701543029309e-02 9.990996397313443023e-01 1.180125084546428837e+01
6.562848002113863544e-01 -7.544639756688779064e-01 8.622684258282949099e-03 1.704486164028565298e+01 7.536198224792503009e-01 6.560208447483155680e-01 4.115621575453247416e-02 2.789495460698232954e+00 -3.670755248039683782e-02 -2.051197400301318571e-02 9.991155161370529614e-01 1.195644589795316648e+01
6.154993764105375353e-01 -7.880608466399476875e-01 1.098171479175951738e-02 1.725907548380619971e+01 7.872119716892875818e-01 6.153920176051371760e-01 3.987477591118343545e-02 3.158244538006878432e+00 -3.818181940171605504e-02 -1.589796251248085102e-02 9.991443357041586149e-01 1.211083208716345538e+01
5.684087669983703961e-01 -8.226279805064614647e-01 1.395190825893713633e-02 1.749242000444075273e+01 8.217503064068991669e-01 5.684731841175123535e-01 3.955624131795529297e-02 3.575499934708440186e+00 -4.047136728436042524e-02 -1.101912877078302898e-02 9.991199364474298017e-01 1.227767738198407343e+01
5.238805887427244734e-01 -8.516764402595696781e-01 1.401230207444458843e-02 1.768570104480466654e+01 8.507567143392660292e-01 5.239839260162054702e-01 4.066796419283934955e-02 3.989783798743593124e+00 -4.197817907994867703e-02 -9.384095825707252855e-03 9.990744574026078073e-01 1.242596634959937774e+01
4.718716632316647952e-01 -8.815882727115014195e-01 1.179931544287020524e-02 1.787623489387353004e+01 8.807355736153681391e-01 4.719458913446707427e-01 3.964784769386481972e-02 4.453664407084671595e+00 -4.052172697227358206e-02 -8.316617461203615336e-03 9.991440455276406896e-01 1.258621849956711536e+01
4.215971824407578339e-01 -9.066790305237236725e-01 1.374491788262912663e-02 1.804566712670250084e+01 9.058823553646840887e-01 4.218054448875709350e-01 3.817529655894651153e-02 4.935688418592944160e+00 -4.041043314772432837e-02 -3.643316517916741354e-03 9.991765226281624779e-01 1.273154889481002172e+01
3.700571645465144388e-01 -9.288675075952879112e-01 1.621167014496923200e-02 1.820132781805108024e+01 9.281087235363723043e-01 3.704103189507786942e-01 3.755559448509264431e-02 5.428887724099582535e+00 -4.088915261569758125e-02 1.148478907816008650e-03 9.991630289800221831e-01 1.287749841041732779e+01
3.130703842785934610e-01 -9.495885756402604461e-01 1.638414136918882325e-02 1.834613153824931686e+01 9.489453580801137100e-01 3.134662832643825836e-01 3.523673871740499314e-02 5.999325457179777388e+00 -3.859629142139124613e-02 4.516079510969471696e-03 9.992446805494124007e-01 1.303392255488865281e+01
2.617789245773068374e-01 -9.649971646799395675e-01 1.588188815905025933e-02 1.845322762932489624e+01 9.641938677989274620e-01 2.622139612574494461e-01 3.967437344718257458e-02 6.544558727914797203e+00 -4.245012239029253426e-02 4.927308606410790541e-03 9.990864372447826325e-01 1.317507992233922387e+01
2.120109449904847565e-01 -9.771239555292366985e-01 1.673623206292433954e-02 1.854287926101234518e+01 9.761038453721565533e-01 2.125628953840169033e-01 4.514788347007894775e-02 7.112866231023605934e+00 -4.767259303199919418e-02 6.764459762981015617e-03 9.988401105297196603e-01 1.331812989397044333e+01
1.601675125938504252e-01 -9.868766772496896378e-01 2.051238181615758216e-02 1.862938081332699625e+01 9.858878471973497870e-01 1.609631510675050836e-01 4.600054578354220713e-02 7.786194738942248783e+00 -4.869861621161000742e-02 1.285512071565961603e-02 9.987307901468800431e-01 1.347247925922434852e+01
1.170349839610933668e-01 -9.929059424548155599e-01 2.098970074051044465e-02 1.868053628088144080e+01 9.918830462556671446e-01 1.179200282203852479e-01 4.757019381475913883e-02 8.410166578474623122e+00 -4.970784724537081339e-02 1.525195772166040332e-02 9.986473393011979782e-01 1.361609161227875653e+01
7.411601394580531743e-02 -9.970851345479011529e-01 1.811121926258856332e-02 1.871069324933090883e+01 9.961229713543670039e-01 7.488311333295975813e-02 4.616903090640177981e-02 9.132295413132174744e+00 -4.739069154258765404e-02 1.461914342172292332e-02 9.987694446371532253e-01 1.376600888363070041e+01
3.991615107803871826e-02 -9.990957713501125159e-01 1.463918664695567501e-02 1.871277296818192681e+01 9.983178455631573911e-01 4.049307096506684495e-02 4.149487633318792168e-02 9.788055003665762754e+00 -4.205015290884718537e-02 1.295825189351793721e-02 9.990314653643348475e-01 1.389493748077986268e+01
9.383929073052618697e-03 -9.999000239859819894e-01 1.057587527056375563e-02 1.869612506631068882e+01 9.991302527185198512e-01 9.805380734903633433e-03 4.052933501215399276e-02 1.054175931192754412e+01 -4.062899511597062308e-02 1.018635869605138446e-02 9.991223765071888252e-01 1.403934725926576910e+01
-1.116851134368579759e-02 -9.999052058991032554e-01 8.050393151028666441e-03 1.866908958463347190e+01 9.989415452694351272e-01 -1.079775762061515286e-02 4.471277093918123863e-02 1.125570463460240589e+01 -4.462161846879333926e-02 8.541253323970611142e-03 9.989674462049576986e-01 1.417304582940875513e+01
-2.438311786043201312e-02 -9.996691443314283942e-01 8.187228337724660257e-03 1.863992899972920370e+01 9.984334662515864656e-01 -2.393879119172230563e-02 5.057254148682979039e-02 1.202547207736140145e+01 -5.035983008694379370e-02 9.407525242849332572e-03 9.986868310448103747e-01 1.430386809167447026e+01
-3.311295612667976285e-02 -9.994213605228720043e-01 7.774417101779761315e-03 1.859782984800337502e+01 9.980150164573480254e-01 -3.264743716311306609e-02 5.385355979158658324e-02 1.284182556165806233e+01 -5.356859688394341457e-02 9.542241869154290124e-03 9.985185785071724052e-01 1.444902925435344088e+01
-3.718077573867160229e-02 -9.992719797660365444e-01 8.547845590247377112e-03 1.856036030515764779e+01 9.979962939583160164e-01 -3.669237123235116749e-02 5.154707846068933008e-02 1.361293275654385582e+01 -5.119592371696437411e-02 1.044728501563956490e-02 9.986339830875242685e-01 1.457814330444693951e+01
-3.698786158460577733e-02 -9.992027542970498555e-01 1.502395124040750013e-02 1.852328457091222091e+01 9.982086256230555676e-01 -3.623521943495874170e-02 4.760864238512091395e-02 1.446505369961803211e+01 -4.702630304885596635e-02 1.675798683069443934e-02 9.987530712158693147e-01 1.471468074790069025e+01
-3.374056578463303230e-02 -9.990392977103902394e-01 2.796463578359035390e-02 1.850525385171818726e+01 9.984539491069623907e-01 -3.245768423266649771e-02 4.512476616265584384e-02 1.529583628015942232e+01 -4.417375953571047592e-02 2.944394501551861679e-02 9.985898726666969649e-01 1.482831118706394236e+01
-2.805757019743560302e-02 -9.991735782384926212e-01 2.940915285937894044e-02 1.847029628168345994e+01 9.986113555493443261e-01 -2.670515476019326429e-02 4.541177777603454258e-02 1.620132327103918612e+01 -4.458888474153695214e-02 3.064246711072403720e-02 9.985353630773562417e-01 1.496587791754608254e+01
-2.259232705751266015e-02 -9.993937829291740238e-01 2.648808050028976513e-02 1.843541747900469119e+01 9.987609079388463096e-01 -2.138701868939220721e-02 4.493638287785647195e-02 1.705589799124198791e+01 -4.434265278845228586e-02 2.747048532250544531e-02 9.986386244635681031e-01 1.509673132255279171e+01
-1.939407809552355991e-02 -9.993080482260602304e-01 3.173735020635179427e-02 1.840912781748535920e+01 9.991217681442235987e-01 -1.819166192587911776e-02 3.774639402627073814e-02 1.799273881613119386e+01 -3.714293121326990577e-02 3.244154312241075838e-02 9.987832345523224298e-01 1.523485962555091433e+01
-1.707030884784248997e-02 -9.993986324843814328e-01 3.018183032667271296e-02 1.837265167313619685e+01 9.994853422681370114e-01 -1.623624237965509698e-02 2.766712023493985914e-02 1.889303952596425162e+01 -2.716045200964678843e-02 3.063859221698679580e-02 9.991614419393666235e-01 1.535048398270926384e+01
-1.562928107630078348e-02 -9.996202933916096267e-01 2.269272292160983209e-02 1.832809616780730622e+01 9.996857476419301891e-01 -1.517736334752388914e-02 1.995214734498396494e-02 1.978071544850012131e+01 -1.960016384724010130e-02 2.299743733237736773e-02 9.995433716513537625e-01 1.548065526663626912e+01
-1.688520204376702319e-02 -9.997164569727569061e-01 1.678870930530759753e-02 1.828149462777997414e+01 9.997307873817881108e-01 -1.661341951190881128e-02 1.619819911583664576e-02 2.078490996251909451e+01 -1.591469592474835382e-02 1.705770661883445130e-02 9.997278416382564536e-01 1.562523414857721704e+01
-2.009628925149744075e-02 -9.997641653767570524e-01 8.229097945408200832e-03 1.823050313677923029e+01 9.995495568001497855e-01 -1.990711041602486950e-02 2.245940808871148275e-02 2.171764966550804488e+01 -2.229030242299726711e-02 8.676748090580615677e-03 9.997138873888470334e-01 1.576892233984165337e+01
-2.464186063815747632e-02 -9.996959331715652430e-01 8.861480628612429175e-04 1.817262852821114549e+01 9.992223788810420393e-01 -2.460287476409152296e-02 3.081185762310559989e-02 2.277072089044217762e+01 -3.078069695025043365e-02 1.644725724740745158e-03 9.995248089693169469e-01 1.592191649275581078e+01
-2.938517298801607627e-02 -9.995681219711908261e-01 -2.156864334731210125e-04 1.811957455564247610e+01 9.987750072052785644e-01 -2.937044906571366007e-02 3.982331052024019186e-02 2.375739496312620957e+01 -3.981245796244078927e-02 9.547978314593428498e-04 9.992067137594143889e-01 1.604411568877364402e+01
-3.128246744745236813e-02 -9.995085997438388770e-01 -1.982842010400514936e-03 1.806412850999131692e+01 9.983028022607526308e-01 -3.134210070633384332e-02 4.908382561103240282e-02 2.475660672016902097e+01 -4.912186519992903927e-02 -4.440085473210222391e-04 9.987926940095182005e-01 1.616261960557010013e+01
-3.259452319905101897e-02 -9.994681522264942108e-01 -9.874865072048851725e-04 1.800674960290436033e+01 9.977597354352039094e-01 -3.259652787069269170e-02 5.842097876560506386e-02 2.586194836755596071e+01 -5.842211079903691234e-02 9.189348614527382934e-04 9.982915471426199172e-01 1.628752645019538647e+01
-3.395364393340871700e-02 -9.994230863037766310e-01 7.810246057828476671e-04 1.795641144792513444e+01 9.976192586571553944e-01 -3.384540489728896789e-02 6.008608268446542777e-02 2.686178260253330308e+01 -6.002499883601191549e-02 2.819312083990060600e-03 9.981928929884625878e-01 1.639608075989211144e+01
-3.596576062150658171e-02 -9.993527380261362225e-01 -7.310642502996585147e-04 1.789342234644655960e+01 9.977629726355661255e-01 -3.594977614613550226e-02 5.636220459797701421e-02 2.796498555053235080e+01 -5.635201921523889934e-02 1.297685974578897863e-03 9.984101193770318350e-01 1.651572774872049365e+01
-3.828201177570769720e-02 -9.992665658306695287e-01 -8.850914765031680457e-04 1.784319170743973260e+01 9.979090623521524872e-01 -3.827613486831366735e-02 5.208142586401987018e-02 2.903305474192860558e+01 -5.207711888584091314e-02 1.110546196742242522e-03 9.986424489431242613e-01 1.634158568712193116e+01
-4.279932834776658396e-02 -9.990834587308955461e-01 -6.522213883516694280e-04 1.779022296884554777e+01 9.979652996592253134e-01 -4.278228875622452215e-02 4.727547625805966075e-02 3.011531889066007750e+01 -4.726006251220109255e-02 1.372469618551738118e-03 9.988816762752572576e-01 1.608836683282797608e+01
-4.888737164380057426e-02 -9.988040050893268740e-01 -7.414446919264040424e-04 1.772322632464958048e+01 9.979252461050095446e-01 -4.887546916528269503e-02 4.190973598059959809e-02 3.126276974154462351e+01 -4.189586238974606774e-02 1.308955785263114183e-03 9.991211256152024989e-01 1.593285812059365014e+01
-5.521906877853238055e-02 -9.984729508489676997e-01 -1.608205690378419284e-03 1.765613525809085615e+01 9.977043122712082601e-01 -5.523965699625388304e-02 3.917550067406697090e-02 3.232845224592509936e+01 -3.920452583397373431e-02 5.587261732526837416e-04 9.992310509772757143e-01 1.570567692730062070e+01
-6.210035673603277878e-02 -9.980681351785032351e-01 -1.873158719646917129e-03 1.757319146726240078e+01 9.971545640109227282e-01 -6.212365405207651015e-02 4.270200560723563105e-02 3.349248126154079586e+01 -4.273589048517648092e-02 7.839863369337979988e-04 9.990860970593884449e-01 1.555273294506315374e+01
-6.852787045751274064e-02 -9.976432873277366609e-01 -3.430415739286739926e-03 1.748582350882669445e+01 9.965024851744033185e-01 -6.861351409632092391e-02 4.769713638713143911e-02 3.457699925996025314e+01 -4.782011355999329916e-02 -1.498293923003923443e-04 9.988559529099505507e-01 1.534570192345015727e+01
-7.421760468594790217e-02 -9.972187717669189766e-01 -6.814248193572778646e-03 1.739267876300262472e+01 9.959310978312571061e-01 -7.446856528558433441e-02 5.075150410983091109e-02 3.564727758657092949e+01 -5.111781315366823591e-02 -3.019861720527480115e-03 9.986880644190235801e-01 1.520143587173285660e+01
-7.932122472528584101e-02 -9.967977350229996203e-01 -1.011851773385276376e-02 1.728710684621794869e+01 9.954238424130699148e-01 -7.974633544945751440e-02 5.264912047398800921e-02 3.683972758310488871e+01 -5.328745237270084839e-02 -5.896016533395487952e-03 9.985618082121572314e-01 1.501488657310690478e+01
-8.179998274427306704e-02 -9.965377450871975018e-01 -1.487451258943753990e-02 1.718311810701360542e+01 9.951069672292858215e-01 -8.249417850602307201e-02 5.437709246449085737e-02 3.790744146321197405e+01 -5.541589977395289940e-02 -1.035368189211881805e-02 9.984096753025617499e-01 1.488066400029833147e+01
-8.325244597947276115e-02 -9.963392361494640692e-01 -1.941964123486330379e-02 1.706600284760977004e+01 9.948967332011591225e-01 -8.421508045737484405e-02 5.557287428807763940e-02 3.909487686410786011e+01 -5.700487599329599059e-02 -1.469395646303259945e-02 9.982657622952322285e-01 1.470993695417013569e+01
-8.479876395055603588e-02 -9.961791203431715758e-01 -2.088768916369637338e-02 1.696572056449869947e+01 9.947652932610524523e-01 -8.584082836150892792e-02 5.543823021297785564e-02 4.015567145067495147e+01 -5.701943817443558965e-02 -1.607725156103348430e-02 9.982436105775963631e-01 1.458188472444417805e+01
-8.618783575479925518e-02 -9.960542595797809984e-01 -2.115501557437900540e-02 1.686429835714449155e+01 9.946966892497794976e-01 -8.722779919211691435e-02 5.449625044080125963e-02 4.121114584580223550e+01 -5.612654191469788195e-02 -1.634590682019191471e-02 9.982898491978026145e-01 1.445954023545037614e+01
-8.726565354493102944e-02 -9.959335961886049970e-01 -2.238176599057970645e-02 1.674815377089927537e+01 9.946440556575879555e-01 -8.835788186989944337e-02 5.362948008015121920e-02 4.237535698730234657e+01 -5.538902035471562901e-02 -1.758187577129446261e-02 9.983100392346478946e-01 1.431628686539988315e+01
-8.807940152093374220e-02 -9.958097216878163405e-01 -2.459640192608769649e-02 1.664142180995490961e+01 9.945870698209718919e-01 -8.928406125038858276e-02 5.315026652272215185e-02 4.343407516588427342e+01 -5.512363268751344081e-02 -1.978181683305279062e-02 9.982835595131722695e-01 1.421013210660385795e+01
-8.888608368919606595e-02 -9.956408485717749279e-01 -2.825828313481373866e-02 1.650693598391983841e+01 9.946055354618114075e-01 -9.024520989932108272e-02 5.114357074351371518e-02 4.449440687885920198e+01 -5.347081651581202938e-02 -2.355989077735932274e-02 9.982914422322737291e-01 1.408336933665194657e+01
-8.922926190355753850e-02 -9.954470341306664860e-01 -3.351577027113805674e-02 1.636290455412446221e+01 9.948146067242525925e-01 -9.072051242772556645e-02 4.597522012775611538e-02 4.565885822554868412e+01 -4.880647726402430331e-02 -2.923964124601438272e-02 9.983801737653581476e-01 1.398128155538818262e+01
-8.860809773716389615e-02 -9.954249480411979656e-01 -3.574553996318983323e-02 1.622978241927110687e+01 9.949316783658116448e-01 -9.016274591488691870e-02 4.451593706422059954e-02 4.672545555490975033e+01 -4.753520306104023346e-02 -3.161989625748241883e-02 9.983689632678409698e-01 1.387150182033138535e+01
-8.671734097640758365e-02 -9.955443697226220579e-01 -3.703345071293278473e-02 1.609959271517658408e+01 9.949020592331998536e-01 -8.846250360021752634e-02 4.841809535896880040e-02 4.790451044961987748e+01 -5.147844732000659423e-02 -3.264596672084012913e-02 9.981403761828175902e-01 1.378115851334766617e+01
-8.498092699364978575e-02 -9.956438668173275275e-01 -3.836011327728706954e-02 1.595276946840782450e+01 9.948083539766219285e-01 -8.694707247239531756e-02 5.288269420863191822e-02 4.895997518872164989e+01 -5.598764375725632375e-02 -3.366693974194761435e-02 9.978636786859507168e-01 1.368468265232706216e+01
-8.391825740459088467e-02 -9.958515676001886696e-01 -3.517594560670127962e-02 1.581844205017976179e+01 9.949760852335948202e-01 -8.567396426530821119e-02 5.179377943268120149e-02 5.013472993332229777e+01 -5.459259297944649841e-02 -3.065277952948163367e-02 9.980381035834120507e-01 1.358666562011749512e+01
-8.218951609648532386e-02 -9.960232533512080044e-01 -3.438790461729750864e-02 1.568502106551754416e+01 9.951602335578525471e-01 -8.388530131195098827e-02 5.118007149813707385e-02 5.121661866941465746e+01 -5.386119477513440917e-02 -3.001500839699922096e-02 9.980972253554195595e-01 1.349191879925041349e+01
-7.862537216017791153e-02 -9.961665403567121491e-01 -3.834371481257544539e-02 1.554943858528727318e+01 9.953918082237742659e-01 -8.056588603658444703e-02 5.200307763500926911e-02 5.229501574371914785e+01 -5.489293517648364401e-02 -3.407825734282193125e-02 9.979105362454115946e-01 1.341205659413019191e+01
-7.314499408428683236e-02 -9.963596857720971034e-01 -4.378529566035466863e-02 1.538116654715471476e+01 9.957640416149594609e-01 -7.541284792749408661e-02 5.260142363779070351e-02 5.348891898233249975e+01 -5.571192578765468695e-02 -3.975229195622398404e-02 9.976552194656814754e-01 1.331524510667416550e+01
-6.783945581540092029e-02 -9.965769872916768746e-01 -4.724491836621820540e-02 1.523625527122689505e+01 9.961438340737562847e-01 -7.029855603432023925e-02 5.249389355684971892e-02 5.455422898538852650e+01 -5.563546983990355632e-02 -4.350157726220655469e-02 9.975030363817689594e-01 1.323028921818486481e+01
-6.242158800828596921e-02 -9.968634369711077969e-01 -4.864975878373201806e-02 1.506127867263804099e+01 9.965437130042936742e-01 -6.493025150043425786e-02 5.181432770450839637e-02 5.573695672343613694e+01 -5.481066374738895880e-02 -4.524727920131822040e-02 9.974710397658896888e-01 1.312263263472036101e+01
-5.748395813765914963e-02 -9.971940267800306623e-01 -4.795449032221657526e-02 1.493513059354627615e+01 9.969151798134479048e-01 -5.990643672060980141e-02 5.070874859046647226e-02 5.681715423163668532e+01 -5.343925749277939063e-02 -4.489162030333245651e-02 9.975615211441875019e-01 1.303962320454033019e+01
-5.290369301152933468e-02 -9.975297145632264773e-01 -4.621291428969143134e-02 1.482450915348744580e+01 9.971748321915699931e-01 -5.524284453973251491e-02 5.089809696530043365e-02 5.790482219364739080e+01 -5.332531061306058917e-02 -4.338965812776004322e-02 9.976340757481003685e-01 1.296032692687121290e+01
-4.793841054109106159e-02 -9.978335021930281323e-01 -4.505747773074057078e-02 1.470828523804205723e+01 9.974198632996640335e-01 -5.023433160080938847e-02 5.128510837774324232e-02 5.911052237494633488e+01 -5.343744523530610802e-02 -4.248269697987670096e-02 9.976671089011394100e-01 1.287239377415255426e+01
-4.293402832610614117e-02 -9.981280420898088757e-01 -4.355509610018178795e-02 1.462214489120379568e+01 9.975753694767037771e-01 -4.521875152218009231e-02 5.290255978620600485e-02 6.021123279961258845e+01 -5.477304936191608464e-02 -4.117817122332193686e-02 9.976493730664713899e-01 1.279997126011658537e+01
-3.827739205309466097e-02 -9.982691623138790771e-01 -4.464847598024820896e-02 1.452917670342054812e+01 9.977392529421466039e-01 -4.065061553364845981e-02 5.351583604391226684e-02 6.131692012815658188e+01 -5.523821079845691456e-02 -4.249909076325066037e-02 9.975683273155725450e-01 1.271211569733404367e+01
-3.291490931601405434e-02 -9.984780560634513025e-01 -4.425094201443680042e-02 1.444897201742714721e+01 9.979081163128096232e-01 -3.529651718289948670e-02 5.416254599616509430e-02 6.252352053324037229e+01 -5.564203178836470837e-02 -4.237561924267056745e-02 9.975511372909963148e-01 1.262532301769477350e+01
