1.000000000000000000e+00 1.695070732619847858e-17 -4.408763596988261302e-18 2.324782588658536042e-10 -2.979908298538422649e-17 1.000000000000000000e+00 -7.289663333907126280e-19 -4.657929042473085701e-10 -5.285776865310077672e-19 1.314189684629568044e-18 9.999999999999998890e-01 -6.431855048560919386e-12
9.999251038783710799e-01 1.217700706639945896e-02 1.227650603888753291e-03 3.058211664598093349e-01 -1.217308470445550676e-02 9.999209318534404423e-01 -3.153731790082795090e-03 -1.932829992015983045e-02 -1.265956695993462021e-03 3.138551695527468793e-03 9.999942734233776553e-01 7.144180372007258306e-03
9.998227479934064243e-01 1.876639525276226766e-02 1.514922293823004265e-03 5.884823498944053988e-01 -1.875840740252891076e-02 9.998109073440752947e-01 -5.125589512099294233e-03 -3.465691091440309402e-02 -1.610824841331495423e-03 5.096264115307220892e-03 9.999857165928235370e-01 1.171984947766024909e-02
9.997814344716421386e-01 2.090543053320769937e-02 2.150406741677611685e-04 8.764498235909475854e-01 -2.090308751423251496e-02 9.997504311349675321e-01 -7.882658781335590698e-03 -4.970768829113908494e-02 -3.797773411111511318e-04 7.876441899672334546e-03 9.999689082756939573e-01 1.410416897307720241e-02
9.998192824791691802e-01 1.893043670319188854e-02 -1.743827322120939825e-03 1.201733456923509635e+00 -1.894613435004863233e-02 9.997756202475781562e-01 -9.473809223255028750e-03 -6.257322933957593092e-02 1.564093044296757575e-03 9.505137144599534044e-03 9.999536019669664766e-01 1.617758540304858883e-02
9.999152252043504996e-01 1.268368484186808802e-02 -2.943897877919461527e-03 1.506072912907166828e+00 -1.271765131275869910e-02 9.998492507700063037e-01 -1.182103853310051238e-02 -7.061279301883732762e-02 2.793520276897915045e-03 1.185747739192917483e-02 9.999257955522278252e-01 1.770498234122408476e-02
9.999862511847819047e-01 1.183603684473448058e-03 -5.108475266363996306e-03 1.817603347339038500e+00 -1.255495443639781730e-03 9.998999027844284182e-01 -1.409283428723180458e-02 -7.485512410048272836e-02 5.091284425093919874e-03 1.409905599909482866e-02 9.998876414936075374e-01 2.019556121445953423e-02
9.998580620136382491e-01 -1.602234649067462921e-02 -5.209628486179242700e-03 2.177641194643068712e+00 1.595132822035645603e-02 9.997829823383429515e-01 -1.339937334772238302e-02 -6.825621283606225775e-02 5.423188109694761748e-03 1.331437267762274577e-02 9.998966529945846338e-01 2.741583530837587990e-02
9.993948224544906278e-01 -3.442128324201793044e-02 -5.016380368058345925e-03 2.519562678612850437e+00 3.437460474157676138e-02 9.993674772931090411e-01 -9.112179427290872588e-03 -5.276164734002641854e-02 5.326860998396699617e-03 8.934229993512527584e-03 9.999459006312353404e-01 3.569632623301965957e-02
9.985605449724139770e-01 -5.325696306355032217e-02 -6.366617209536603976e-03 2.866264767249181222e+00 5.322159479528972698e-02 9.985670148271794666e-01 -5.601676465012959440e-03 -2.914075674271426886e-02 6.655823036979736061e-03 5.254772259767734668e-03 9.999640430788057088e-01 4.198242575785771091e-02
9.971981777937491964e-01 -7.447020155874162217e-02 -7.069872600751027532e-03 3.260656707116070141e+00 7.443533711269761932e-02 9.972129367282075441e-01 -5.073415109121332152e-03 -5.621591597017583375e-04 7.427987503820397339e-03 4.532952542681940866e-03 9.999621379826730827e-01 4.768420241661897041e-02
9.954936383823576040e-01 -9.460770025847292652e-02 -6.465190831124445307e-03 3.630931564206846041e+00 9.456508308696251475e-02 9.954967494607196432e-01 -6.608108822707148625e-03 3.069752887492679938e-02 7.061255116004989257e-03 5.966949769086972097e-03 9.999572662158620062e-01 5.204931137713575406e-02
9.934688447618498230e-01 -1.139713137602864079e-01 -5.494878702506609223e-03 4.008893773089454271e+00 1.139244491474074583e-01 9.934555855101127042e-01 -8.198771414005783312e-03 7.246362898665442698e-02 6.393343163631921497e-03 7.519223926474030532e-03 9.999512920750742717e-01 5.760543632199477404e-02
9.910858574599192838e-01 -1.331267064236288100e-01 -5.109068770225860118e-03 4.430863157332602498e+00 1.330885297441239956e-01 9.910779892577212813e-01 -7.201595705737449254e-03 1.396421387984146945e-01 6.022210641550752690e-03 6.457442070105862825e-03 9.999610164879660923e-01 6.580187465042430794e-02
9.889310279910116241e-01 -1.483149638343445320e-01 -4.253544141376139689e-03 4.825832438728928864e+00 1.482892433923963527e-01 9.889268224851738287e-01 -5.834444882944804338e-03 2.090019837469313246e-01 5.071779464547823170e-03 5.139109440944446099e-03 9.999739329929104859e-01 7.334362198225974350e-02
9.866419853032859510e-01 -1.628373225870480556e-01 -4.647398574187144513e-03 5.271878972404650199e+00 1.628141712682679987e-01 9.866441272125882067e-01 -4.991264292627595363e-03 2.922927626478636909e-01 5.398092695690468075e-03 4.167929157539845657e-03 9.999767442344097423e-01 8.098797352414033313e-02
9.846234145993419951e-01 -1.746158257255135682e-01 -5.103312371810737186e-03 5.689855015161292329e+00 1.745838926415284598e-01 9.846230896663130672e-01 -6.151154173666592215e-03 3.694805583943625571e-01 6.098928187826772353e-03 5.165615018310541588e-03 9.999680592682118618e-01 8.764515100647551904e-02
9.828317541233753118e-01 -1.843829958643552480e-01 -6.682272898938933225e-03 6.118860871760739784e+00 1.843138692750323770e-01 9.828185430525638866e-01 -9.803574531763118577e-03 4.482751282058213826e-01 8.375074606553583115e-03 8.403629934259037454e-03 9.999296161392179361e-01 9.305165299673368029e-02
9.812107682307530387e-01 -1.927287893484902481e-01 -9.002266579368025864e-03 6.604797944564125167e+00 1.926431033152548322e-01 9.812220988024649149e-01 -9.582730623040268056e-03 5.447444989909295820e-01 1.068009176170188479e-02 7.668454973075907073e-03 9.999135615339773686e-01 9.869253635054442420e-02
9.797838055149330483e-01 -1.997682766181047842e-01 -1.078558067656486437e-02 7.057481102493563974e+00 1.996804301173164264e-01 9.798224779315927169e-01 -8.697058887332589916e-03 6.420508327611774702e-01 1.230535186265651823e-02 6.367568972337115871e-03 9.999040116295985214e-01 1.052724182501343364e-01
9.779759125843762169e-01 -2.082816889793800141e-01 -1.348521264158346680e-02 7.570666170943681550e+00 2.081661477977708175e-01 9.780474864559060011e-01 -9.485279288074409051e-03 7.505854072354118944e-01 1.516478975466763017e-02 6.469210828684986495e-03 9.998640800472651247e-01 1.132774694702181062e-01
9.763151419142348519e-01 -2.158828330816035534e-01 -1.425988980640383041e-02 8.051362758482751403e+00 2.157044083221649755e-01 9.763712811656722890e-01 -1.306640674921885625e-02 8.510367662624447327e-01 1.674376144174601067e-02 9.681011013680015237e-03 9.998129448206022341e-01 1.226959933398102942e-01
9.746123834946458508e-01 -2.234303050969163318e-01 -1.447753422630113779e-02 8.545603652033575415e+00 2.231347382839038163e-01 9.745911471862661601e-01 -1.957002452303544665e-02 9.530374112376865936e-01 1.848221514053116285e-02 1.584274957887243582e-02 9.997036637186494934e-01 1.332902585587079081e-01
9.724363958964832300e-01 -2.326521165352950504e-01 -1.550634565447969737e-02 9.098475656592530214e+00 2.323221208122567549e-01 9.724229720018418011e-01 -2.049383560855705388e-02 1.081528886268794620e+00 1.984666303340945279e-02 1.632648674490256788e-02 9.996697234864154735e-01 1.457816525011897957e-01
9.703401508818170207e-01 -2.408127915916458139e-01 -2.119407909520259342e-02 9.609332227083390521e+00 2.404912084024634911e-01 9.705086989198490333e-01 -1.663868336854567101e-02 1.212180064201390906e+00 2.457584872382710672e-02 1.104819438705900193e-02 9.996369167262048050e-01 1.589071450050887346e-01
9.679173634654966163e-01 -2.499462074151236612e-01 -2.574623703204353964e-02 1.018233238658334017e+01 2.496643573024898144e-01 9.682357055427797121e-01 -1.368682512296426693e-02 1.359492446309861435e+00 2.834939938332668719e-02 6.819798984247389499e-03 9.995748106563963065e-01 1.806774359341458691e-01
9.657720041291351087e-01 -2.580128568870549977e-01 -2.671702447939658734e-02 1.071320677803146992e+01 2.576666477952597734e-01 9.661057004268280846e-01 -1.573773512088757001e-02 1.489489459939322247e+00 2.987201122986458263e-02 8.314979071353544721e-03 9.995191465412125442e-01 2.068924951801643930e-01
9.634574266529596365e-01 -2.663764969718667719e-01 -2.816640562733555703e-02 1.125400258358760652e+01 2.659169694064301148e-01 9.638080005542207784e-01 -1.903432800303895417e-02 1.624162246378200170e+00 3.221730862897270731e-02 1.084884100705499517e-02 9.994220069433369380e-01 2.307637433501980029e-01
9.610202524966685589e-01 -2.747320015687535477e-01 -3.102255550255839794e-02 1.185599367924708680e+01 2.742599123293932850e-01 9.614747485525516613e-01 -1.864968469730864109e-02 1.786169285231574033e+00 3.495107328300046945e-02 9.414482726258161308e-03 9.993446804242729353e-01 2.550478146865120532e-01
9.587082601327202580e-01 -2.822758061186634859e-01 -3.462424594510914166e-02 1.241576366747385052e+01 2.818167856244639946e-01 9.593069671681837551e-01 -1.759103741985459241e-02 1.945953274768131402e+00 3.818080945042968966e-02 7.106980278106407416e-03 9.992455738868648574e-01 2.792431599641216344e-01
9.560619302549311360e-01 -2.904305976219433982e-01 -3.994559361071679110e-02 1.304159820724302854e+01 2.898980927305626065e-01 9.568755749511176356e-01 -1.866099012466904822e-02 2.126216350373757447e+00 4.364269102967997110e-02 6.260911836724873496e-03 9.990275856434804869e-01 3.061165731766334330e-01
9.540327660115608399e-01 -2.960135576885868924e-01 -4.687698603499178968e-02 1.361964540478791008e+01 2.953745971356751543e-01 9.551684605475799783e-01 -2.017577979705236640e-02 2.298922547355107149e+00 5.074772973406586202e-02 5.402085035907075970e-03 9.986968938957101471e-01 3.288446882619943112e-01
9.523713693483292220e-01 -2.999468713320179170e-01 -5.496040223747495485e-02 1.420876622008300316e+01 2.992488533721026633e-01 9.539502703154149055e-01 -2.071251652444702773e-02 2.478326438713774227e+00 5.864215315596115613e-02 3.279171000949792324e-03 9.982736826643536787e-01 3.494094622471318745e-01
9.504857976194378555e-01 -3.040285139288873006e-01 -6.436930631690919447e-02 1.487128401384500975e+01 3.033147381588667257e-01 9.526628931125941113e-01 -2.082269447626422867e-02 2.685676427358103968e+00 6.765295194267531564e-02 2.675163206861029216e-04 9.977088790180141942e-01 3.820493617034648182e-01
9.485903753053837040e-01 -3.078042682394783180e-01 -7.370772298265899913e-02 1.548171803700370042e+01 3.071562922435305265e-01 9.514435271696302099e-01 -2.025412883805481276e-02 2.879905274743777888e+00 7.636305413946357923e-02 -3.426919451864474716e-03 9.970741903675263140e-01 4.156574635304115528e-01
9.465457293697001617e-01 -3.120429192734776591e-01 -8.173368077949146049e-02 1.616816629732404920e+01 3.114811693739021337e-01 9.500446865263867391e-01 -1.986398297060434914e-02 3.102230749324871972e+00 8.384907646503762801e-02 -6.656334854138482894e-03 9.964562341923324240e-01 4.648201314508698112e-01
9.444290457320971832e-01 -3.165020501374118944e-01 -8.877063366364122687e-02 1.679755986277523760e+01 3.162093828338048418e-01 9.485240337932772103e-01 -1.771402688746014087e-02 3.318568054592967442e+00 8.980761839274931102e-02 -1.134046700721782867e-02 9.958945660549801682e-01 5.170850299241224191e-01
9.422528971705963485e-01 -3.210281612266712714e-01 -9.539597876776521879e-02 1.743652962235119475e+01 3.209228094168328216e-01 9.469551880390132403e-01 -1.686492163536482819e-02 3.543887952405931685e+00 9.574984577899263438e-02 -1.472372590251633077e-02 9.952965288279993494e-01 5.777044502066509546e-01
9.398764967418534733e-01 -3.258902934736941370e-01 -1.021160246293409124e-01 1.814925375016980169e+01 3.261567235237025630e-01 9.452037445260531578e-01 -1.454910725958662512e-02 3.802086894247340698e+00 1.012618765461868048e-01 -1.963146633434996111e-02 9.946660944286068728e-01 6.496474512641871035e-01
9.378327397343918514e-01 -3.303265660755600464e-01 -1.065556511373139115e-01 1.881063181818934638e+01 3.309766344921873382e-01 9.435621389367104817e-01 -1.203997569329941057e-02 4.043919548851370394e+00 1.045190172912501131e-01 -2.397595024300295391e-02 9.942338409261890497e-01 7.185150231060895010e-01
9.357880382473638958e-01 -3.354355990664920073e-01 -1.085527564789683513e-01 1.954984993060656251e+01 3.363307529410369257e-01 9.416853214952843887e-01 -1.050636368786931653e-02 4.315868219030529751e+00 1.057467613169808807e-01 -2.667790402779519898e-02 9.940351671591010074e-01 7.993107599578366251e-01
9.337146941301789349e-01 -3.413174893611132243e-01 -1.080705135223678087e-01 2.023447378719271583e+01 3.422434203493789906e-01 9.395533229655868013e-01 -1.044023193623494147e-02 4.565807720638786371e+00 1.051014592483581339e-01 -2.723822745085123856e-02 9.940884084661817388e-01 8.778404673963542404e-01
9.316361065826768151e-01 -3.473426625036468707e-01 -1.068046538814912960e-01 2.092673130886168309e+01 3.483092845724222730e-01 9.373255651809035971e-01 -1.007130573236642707e-02 4.823258631747615155e+00 1.036089418395927941e-01 -2.781826381741473592e-02 9.942290143294254534e-01 9.566943621969046241e-01
9.291350121932393513e-01 -3.545710890445094576e-01 -1.048211152322267858e-01 2.169620548508106950e+01 3.555172130654515317e-01 9.346146315804517712e-01 -1.014918147489869520e-02 5.115820179342492224e+00 1.015659690832714235e-01 -2.783575418788611019e-02 9.944393024263471492e-01 1.042830255220653424e+00
9.255111406692920761e-01 -3.649597821924620566e-01 -1.011606643365097757e-01 2.262269279488515750e+01 3.659560693858539548e-01 9.305866897649504033e-01 -9.196337218021006371e-03 5.480670682065095889e+00 9.749507503374502115e-02 -2.850904989637507644e-02 9.948275960094614678e-01 1.149792300659572941e+00
9.233532388983349826e-01 -3.714301184129589761e-01 -9.725460109968636635e-02 2.319766167025403902e+01 3.724797700688611268e-01 9.280074538516086546e-01 -7.809684620423421736e-03 5.721117606148575341e+00 9.315376013314201342e-02 -2.901427726452754374e-02 9.952288932280539679e-01 1.220372664832366727e+00
9.204584648349655174e-01 -3.795770709662930065e-01 -9.315286201508976571e-02 2.392016496662784419e+01 3.808476157043271804e-01 9.246271968265096231e-01 -4.432318098496532306e-03 6.028271836125782990e+00 8.781408840090416945e-02 -3.139728436587411325e-02 9.956419524501904927e-01 1.303824088489823563e+00
9.172712954481132552e-01 -3.877715017120075824e-01 -9.081094014247000079e-02 2.464531924740166602e+01 3.893137030224353978e-01 9.211048898097392579e-01 -7.923453024489505048e-04 6.348935325530376872e+00 8.395366166968341870e-02 -3.462715185866521023e-02 9.958678346047098451e-01 1.387535260736673770e+00
9.133714372846267748e-01 -3.971166257248939235e-01 -8.972734672658701227e-02 2.544805253728329930e+01 3.987572582755842809e-01 9.170564329579589113e-01 3.914260940601015613e-04 6.704546946356400916e+00 8.212961010317819388e-02 -3.613695243893585984e-02 9.959662889456648571e-01 1.471068616070496660e+00
9.095405207595463892e-01 -4.059235810616853013e-01 -8.923049274496974714e-02 2.618371917247869263e+01 4.075537999802327227e-01 9.131811993350834600e-01 5.491861300058744976e-05 7.038512001219013214e+00 8.146132685475152013e-02 -3.641618136454445598e-02 9.960110013686825914e-01 1.545173576678616989e+00
9.054816610055326231e-01 -4.150533955226923255e-01 -8.850781669254634276e-02 2.699933804792878789e+01 4.166927397610972750e-01 9.090473937683177796e-01 4.987077621334318927e-05 7.415364787909224376e+00 8.043711207828532772e-02 -3.692572601419590733e-02 9.960754803814917402e-01 1.624033327733909182e+00
9.017948598544007766e-01 -4.232162060616244670e-01 -8.748752271308005146e-02 2.774685555704400386e+01 4.249436979204104792e-01 9.052189325797279640e-01 1.242546194380065184e-03 7.772259734156588884e+00 7.866950693059943100e-02 -3.829779766421845949e-02 9.961648398662652504e-01 1.697619524286380077e+00
8.983223794179507893e-01 -4.310161020868058523e-01 -8.510003040792446516e-02 2.850254290854472927e+01 4.325930996494616876e-01 9.015892670521022945e-01 1.005630313729875608e-04 8.134103326941010792e+00 7.668194008695555786e-02 -3.690402822820779832e-02 9.963724070484747397e-01 1.769699717333431455e+00
8.945078543106947944e-01 -4.396294892444226887e-01 -8.112708177785525610e-02 2.934254120037249436e+01 4.411211558814139844e-01 8.974474161871894839e-01 5.174116092274875329e-04 8.546375436786686208e+00 7.257983014446803272e-02 -3.624970500180617339e-02 9.967036308787414756e-01 1.847564905557860904e+00
8.912996546826154054e-01 -4.469163195865766824e-01 -7.649000826990083601e-02 3.011375645318190308e+01 4.484096804795499325e-01 8.938242217852157001e-01 2.650650166608569010e-03 8.934173841573729291e+00 6.718401200709017695e-02 -3.666138794555505453e-02 9.970668240921582992e-01 1.914936255824086553e+00
8.875581593171647521e-01 -4.550542902237803555e-01 -7.187558094709146916e-02 3.096880772280146488e+01 4.564096290284713198e-01 8.897654931692555724e-01 2.761320411088619576e-03 9.370493522340010983e+00 6.269586896658389807e-02 -3.525554369508691194e-02 9.974097829378943958e-01 1.988212445249550653e+00
8.840220179575064563e-01 -4.622187420256240742e-01 -6.970579934566210889e-02 3.175205306455032073e+01 4.634703304207975494e-01 8.861101250528178319e-01 2.026453069863853960e-03 9.776718465091192911e+00 6.083035758595637527e-02 -3.409800281767014912e-02 9.975655337923682309e-01 2.051012865751584258e+00
8.809172785640686509e-01 -4.682837171372697394e-01 -6.852080412065535142e-02 3.254102356621110204e+01 4.694396124462396069e-01 8.829641546313771183e-01 8.714922858530137553e-04 1.019321190947431965e+01 6.009331568800172635e-02 -3.293409600941937798e-02 9.976493066841266577e-01 2.109084304345830940e+00
8.776455821648243560e-01 -4.746066036530414700e-01 -6.698354802611118652e-02 3.341781559430466331e+01 4.757581303363312974e-01 8.795750122029151186e-01 1.416733761691409263e-03 1.066669326882971447e+01 5.824467099154204824e-02 -3.311136137051556849e-02 9.977530738670628008e-01 2.172729798926751776e+00
8.748926572835734605e-01 -4.799535765504012730e-01 -6.486443001176182832e-02 3.422455795772567200e+01 4.809913334035043064e-01 8.767252443451620803e-01 4.371394845316772760e-04 1.110498042445283495e+01 5.665848342626548378e-02 -3.158168226780179444e-02 9.978939893273696127e-01 2.230952357563284583e+00
8.723134770269964644e-01 -4.847208955488270243e-01 -6.414704018102267147e-02 3.503823738970570645e+01 4.856723228694111993e-01 8.741405204797050299e-01 -8.679697837754730277e-04 1.155328074937398952e+01 5.649425696590302387e-02 -3.039730356616992049e-02 9.979400799646043208e-01 2.289740066700803212e+00
8.700178516237812021e-01 -4.887867578520702638e-01 -6.447041657591041919e-02 3.594049685559753016e+01 4.896956404602981205e-01 8.718912946324286484e-01 -1.938634043965127606e-03 1.205642547433325440e+01 5.715878049488382767e-02 -2.988423892964251968e-02 9.979177352984934801e-01 2.353073736526358761e+00
8.686083008200888855e-01 -4.911753228051362052e-01 -6.531778723758414895e-02 3.678206043170854400e+01 4.921220263218599733e-01 8.705243311484694990e-01 -1.818904744383884270e-03 1.252271399507616323e+01 5.775413112890671885e-02 -3.056440935129455319e-02 9.978628550936010644e-01 2.413906305457595547e+00
8.682254297572717938e-01 -4.920161918144047575e-01 -6.406763163460860167e-02 3.772586303193930490e+01 4.929387153300305857e-01 8.700625547054738895e-01 -1.606917857194092207e-03 1.304226930967403320e+01 5.653348361281926304e-02 -3.018625233436943861e-02 9.979442648443612729e-01 2.483264487349478244e+00
8.682048345632262798e-01 -4.922424119585454561e-01 -6.259204768876576452e-02 3.859970591821931407e+01 4.931451196845280105e-01 8.699462746407098379e-01 -1.174111505300455159e-03 1.352074413464935176e+01 5.502967269684790746e-02 -2.984759676840624890e-02 9.980385044669807248e-01 2.549064616036415210e+00
8.680451826727256792e-01 -4.926848120389767938e-01 -6.131254482631974534e-02 3.947858068934530706e+01 4.934940438518085060e-01 8.697463640504683458e-01 -2.213430385088740581e-03 1.400456696459274397e+01 5.441689287371973688e-02 -2.833602111221476469e-02 9.981161615658378228e-01 2.612896173946583023e+00
8.673329495417314572e-01 -4.940026609098986943e-01 -6.078582848946553069e-02 4.045060645622820061e+01 4.946907412865384490e-01 8.690588955861562326e-01 -4.208904894902759826e-03 1.455074893052982610e+01 5.490568167249632731e-02 -2.641966741958664058e-02 9.981419576438402830e-01 2.681421774361865573e+00
8.662733326781962839e-01 -4.959274148999898157e-01 -6.022045729462819491e-02 4.133860792473134183e+01 4.964635211893893563e-01 8.680312297260398546e-01 -6.764966840533389279e-03 1.505376344158874780e+01 5.562817670635279710e-02 -2.403695235692706114e-02 9.981621768101349712e-01 2.744266741067090454e+00
8.646877273234689909e-01 -4.989681288178271501e-01 -5.784403000065718725e-02 4.232016909877315669e+01 4.994228857810617539e-01 8.663272162781985308e-01 -7.344659124805675253e-03 1.561437389782030749e+01 5.377661458228592817e-02 -2.253779803175227220e-02 9.982986144904575365e-01 2.814454877555129908e+00
8.628977429580325653e-01 -5.025097397156707002e-01 -5.377209116395601646e-02 4.321243576803323094e+01 5.029287482381169516e-01 8.643040472048205691e-01 -6.418476151126799659e-03 1.612917799334392654e+01 4.970078839256340114e-02 -2.150504402193216882e-02 9.985326058573927854e-01 2.878772561509751249e+00
8.604186568322975681e-01 -5.072183990934516773e-01 -4.908382205997272041e-02 4.410299952292194803e+01 5.075280344360736384e-01 8.616079241272321942e-01 -6.862080888265054829e-03 1.664564894925081973e+01 4.577158864668815635e-02 -1.900715508418166291e-02 9.987710898523399772e-01 2.941534282250482413e+00
8.563609632790776249e-01 -5.142771904410079475e-01 -4.652808545888943020e-02 4.507588504340987612e+01 5.145490923301162534e-01 8.574335544334784620e-01 -6.851304544093796828e-03 1.722140225548178449e+01 4.341821586088211171e-02 -1.807379601342425091e-02 9.988934861116856023e-01 3.008681094299628711e+00
8.512447981715520751e-01 -5.226257361429537118e-01 -4.737746273660876223e-02 4.595200593990110605e+01 5.227695286149475207e-01 8.524119380916485023e-01 -1.029160189516047964e-02 1.774941197827032013e+01 4.576377570337029910e-02 -1.600682262681793477e-02 9.988240378942095932e-01 3.066766243120519597e+00
8.446830553019047949e-01 -5.330028009468267269e-01 -4.917865740613576453e-02 4.691359785198166321e+01 5.329896233761789448e-01 8.459979194815968606e-01 -1.447726669504012346e-02 1.834789483815026401e+01 4.932147092841530217e-02 -1.398301327824879106e-02 9.986850695412913259e-01 3.130302244126475397e+00
8.387154367024423074e-01 -5.423823958124336375e-01 -4.876210296225114149e-02 4.778561979278369876e+01 5.423507326137251283e-01 8.400177269204706088e-01 -1.503034530745632306e-02 1.891749946717115449e+01 4.911323088900567541e-02 -1.383998064294991205e-02 9.986973244004421213e-01 3.185494167227836293e+00
8.332571888463267129e-01 -5.510382794538426499e-01 -4.515818043111499702e-02 4.864536650434267528e+01 5.511143662124105003e-01 8.343452463679905673e-01 -1.187331352430412781e-02 1.950100790960586750e+01 4.422016789493195960e-02 -1.499379926251454172e-02 9.989092866376912960e-01 3.238039097828447233e+00
8.279263053767944580e-01 -5.592269270071571485e-01 -4.246488119622285340e-02 4.958540144882898204e+01 5.594887795457194057e-01 8.288119808565940216e-01 -6.558710702727115795e-03 2.014552541201575764e+01 3.886321348156613481e-02 -1.832849695690065561e-02 9.990764319822428297e-01 3.297294515091137246e+00
8.238072321121653330e-01 -5.651549236916879604e-01 -4.406297158383833124e-02 5.041727250862126652e+01 5.654579943434921985e-01 8.247518791656083259e-01 -6.450225936935457573e-03 2.073986009691236632e+01 3.998639926474652218e-02 -1.960201842752221785e-02 9.990079323311406023e-01 3.346143327502972831e+00
8.201181050344532597e-01 -5.701545305890335369e-01 -4.827104440561226506e-02 5.124886134105170044e+01 5.704257948960751445e-01 8.212963938929935814e-01 -9.308975829000058419e-03 2.133054036086198479e+01 4.495239392903062348e-02 -1.990059094799644795e-02 9.987908935007460132e-01 3.399181395831282870e+00
8.166367246235356481e-01 -5.744320501144628555e-01 -5.596667069013479962e-02 5.215572036733279759e+01 5.747664239390356533e-01 8.182361810665643720e-01 -1.153781564277259371e-02 2.198724665908609666e+01 5.242165166467102622e-02 -2.274556123732811991e-02 9.983659700561610117e-01 3.460011152476301088e+00
8.133615014555211076e-01 -5.790383394399319927e-01 -5.619303920565642263e-02 5.298814509595908362e+01 5.793565539503924278e-01 8.149841826217045782e-01 -1.211515300735105556e-02 2.258660768986347023e+01 5.281158192474461749e-02 -2.270180852914955791e-02 9.983464153270532604e-01 3.518572366196013768e+00
8.098436709578816783e-01 -5.842045638086841297e-01 -5.346255052553986614e-02 5.390287419029701965e+01 5.845149348039537784e-01 8.113047577624046269e-01 -1.126466608722496293e-02 2.325544872244195460e+01 4.995529617045189191e-02 -2.212704262551520168e-02 9.985063157617996010e-01 3.587672561134406024e+00
8.069920083514023901e-01 -5.885516917796443925e-01 -4.869078466715882902e-02 5.473626004029468106e+01 5.889126102144076613e-01 8.081562251606456693e-01 -8.091054041388538731e-03 2.386940436042457847e+01 4.411176853781945129e-02 -2.214520305318653029e-02 9.987811281837640776e-01 3.647841420988865657e+00
8.041376506854487349e-01 -5.926379223768948323e-01 -4.629167873231376101e-02 5.556693002214967692e+01 5.930213071658959612e-01 8.051610054644654513e-01 -6.441785634208826300e-03 2.448642034734269401e+01 4.108990479226030945e-02 -2.227187137935205882e-02 9.989071946807673852e-01 3.699898668454234318e+00
8.007941516361638534e-01 -5.970693106312895404e-01 -4.729643355213978412e-02 5.647633044351539411e+01 5.974929467980483189e-01 8.018504913763780939e-01 -6.162813372689604496e-03 2.516983614773214484e+01 4.160429902247593514e-02 -2.332414258104843763e-02 9.988618857449357291e-01 3.747895498996725472e+00
7.973215141842767695e-01 -6.015885112378313027e-01 -4.867908776845902841e-02 5.730191706310626643e+01 6.020006396778972979e-01 7.984618515481638479e-01 -7.342607737761902911e-03 2.579373386416473224e+01 4.328562706626910839e-02 -2.345042488743719067e-02 9.987874810003086745e-01 3.795221590165613890e+00
7.933279268578813381e-01 -6.067349695398718268e-01 -5.003463199472488188e-02 5.811884109645286145e+01 6.070697185350268921e-01 7.945862655719464485e-01 -9.951684643221946763e-03 2.642611353947737385e+01 4.579487090512199265e-02 -2.247956250402718265e-02 9.986979018949542208e-01 3.840058841533867895e+00
7.886707594795810961e-01 -6.127837364744620485e-01 -4.994509382106752937e-02 5.901599495845814403e+01 6.130553025737885964e-01 7.899564918933797975e-01 -1.148693883715473305e-02 2.713056443439461063e+01 4.649346492757043536e-02 -2.155969357614215265e-02 9.986859053412395770e-01 3.893740690019336093e+00
7.843544280850338613e-01 -6.183863603846003754e-01 -4.885107113391391753e-02 5.982525992862618125e+01 6.186480147705594179e-01 7.855857686858418454e-01 -1.138626194170318760e-02 2.778333962214056285e+01 4.541781966972255336e-02 -2.129075489527926940e-02 9.987411704705629889e-01 3.947824939817921042e+00
7.790945581945648568e-01 -6.250350259707064815e-01 -4.840322447806450629e-02 6.071556767617542505e+01 6.253128814170457739e-01 7.802960179418655384e-01 -1.104255910509001695e-02 2.850678198495872806e+01 4.467083369955360261e-02 -2.166396377474936671e-02 9.987668343803195459e-01 4.013138121748458964e+00
7.738498704456878707e-01 -6.314663429301434761e-01 -4.905733291816812697e-02 6.151812537376252266e+01 6.317082136321572339e-01 7.751075074958501121e-01 -1.237329025268981211e-02 2.917302306642228871e+01 4.583802771324375913e-02 -2.141485274102543704e-02 9.987193196707380149e-01 4.071682058583211195e+00
7.684919339977684949e-01 -6.379515258734327343e-01 -4.937594441116943678e-02 6.232108527979352175e+01 6.381353874616932931e-01 7.697968974814420884e-01 -1.399920787048059174e-02 2.984515972623217905e+01 4.694026931197474439e-02 -2.075026063316394442e-02 9.986821506396664772e-01 4.129379553393295765e+00
7.624486803480423625e-01 -6.451404359435993774e-01 -4.965695618640168785e-02 6.320008667275931202e+01 6.452865354663320785e-01 7.637897922372729465e-01 -1.518073283348526578e-02 3.059610048349738420e+01 4.772118541036943912e-02 -2.046843698423109550e-02 9.986509559247543910e-01 4.193930725848404428e+00
7.568832196981112315e-01 -6.516365765853671110e-01 -4.997548454479364827e-02 6.399757142638272711e+01 6.517326343672986688e-01 7.582672850500981054e-01 -1.659253527717285959e-02 3.128687989016092530e+01 4.870708256148507248e-02 -2.001204406784501746e-02 9.986126067885902069e-01 4.254415605562266833e+00
7.503165261104978168e-01 -6.591531942075534722e-01 -5.041985848338015330e-02 6.487078833620260809e+01 6.591644462463902565e-01 7.517646737704396509e-01 -1.876493782739635865e-02 3.205708312139039862e+01 5.027284208174744723e-02 -1.915533638771809918e-02 9.985518087223695938e-01 4.321240034304503652e+00
7.443316938369610725e-01 -6.659767825862414892e-01 -4.944936019194031557e-02 6.566363022257209536e+01 6.659449364718678099e-01 7.457454754937897778e-01 -1.952030961085591404e-02 3.276756677884134206e+01 4.987671443013182160e-02 -1.840096704244731027e-02 9.985858591191661970e-01 4.382466711756621613e+00
7.382398261493736680e-01 -6.728425324280146169e-01 -4.780031339069854002e-02 6.645378673861861785e+01 6.727731849520885987e-01 7.395801195990016064e-01 -1.993749571454212638e-02 3.348762876435263536e+01 4.876696119789321326e-02 -1.744011668544385649e-02 9.986579124385159822e-01 4.445578885999955432e+00
7.314154419320547662e-01 -6.803403219218913112e-01 -4.656695878621827656e-02 6.730680498309696702e+01 6.802564970421327573e-01 7.326992422916540626e-01 -2.007322494533055404e-02 3.430079901919596352e+01 4.777620413809369193e-02 -1.699561045042776580e-02 9.987134643034647485e-01 4.520143655585657783e+00
7.251742450394197403e-01 -6.870235476132575680e-01 -4.605369721423607787e-02 6.807895574503240255e+01 6.868484248989161767e-01 7.264665538727325123e-01 -2.203641054120866055e-02 3.504753404380000603e+01 4.859600815375524074e-02 -1.565167269526742538e-02 9.986958763263598104e-01 4.587147859848769826e+00
7.187471334995114702e-01 -6.936804787114025928e-01 -4.700994456831474044e-02 6.884498412547681312e+01 6.934451696710386415e-01 7.201162133776131125e-01 -2.380025747845643941e-02 3.581159029750429568e+01 5.036240202794348836e-02 -1.549245277764306657e-02 9.986108414473078287e-01 4.660692870697493717e+00
7.122511263501264400e-01 -7.002879582175713935e-01 -4.790711442037054457e-02 6.968913903519690223e+01 7.001099497213228995e-01 7.136577799072785222e-01 -2.320879521965694275e-02 3.666121960629340037e+01 5.044212946916382806e-02 -1.700975772374265643e-02 9.985821248132898953e-01 4.737849645805509269e+00
7.069813252894806554e-01 -7.056466308747678662e-01 -4.733097080120787781e-02 7.045227180522311983e+01 7.055064793278689184e-01 7.083474577857801213e-01 -2.246115858574258134e-02 3.744718153779805192e+01 4.937641825607443080e-02 -1.751268773866110698e-02 9.986266946903674668e-01 4.811934513264564117e+00
7.016292026965907924e-01 -7.109211982268994756e-01 -4.803638561027943898e-02 7.129408951860393984e+01 7.108256304784008606e-01 7.030232662776007002e-01 -2.202787700373030205e-02 3.830993890097232679e+01 4.943078594116348534e-02 -1.869009326276314248e-02 9.986026627591234606e-01 4.894654349339706556e+00
6.968238471738533724e-01 -7.155972020702091596e-01 -4.855051671455901108e-02 7.205534456747919592e+01 7.154659436545292017e-01 6.982648515135368994e-01 -2.312353921479062130e-02 3.910237389542725595e+01 5.044826396641351185e-02 -1.862320862317839651e-02 9.985530276528710170e-01 4.972356810183405251e+00
6.916343945092271461e-01 -7.204700082501588332e-01 -5.064398837983645485e-02 7.281522340841954133e+01 7.203015199328924867e-01 6.932170510868406188e-01 -2.481648926032082800e-02 3.990134552573056936e+01 5.298681754867028831e-02 -1.931500526964580883e-02 9.984083974246078519e-01 5.047141693078235569e+00
6.860989557329081334e-01 -7.256345395526518915e-01 -5.217968660957318650e-02 7.364815185781506557e+01 7.253625894526409823e-01 6.878181275354326996e-01 -2.748372517771541235e-02 4.078874213227219769e+01 5.583328008804998993e-02 -1.899263837255300499e-02 9.982594476811011974e-01 5.130756028805725677e+00
6.811138258043970550e-01 -7.302535120404431979e-01 -5.304475427120157460e-02 7.440213344745407653e+01 7.299604884125937554e-01 6.829006618017178232e-01 -2.836176267048211644e-02 4.160789937309099429e+01 5.693558023544703639e-02 -1.940298700591812711e-02 9.981892927591201614e-01 5.206453843285734351e+00
6.763818873620250915e-01 -7.347344858754033536e-01 -5.169873312632657786e-02 7.515124088924181933e+01 7.344703637836139665e-01 6.780798379180341673e-01 -2.758688978802845831e-02 4.244051965397801496e+01 5.532491322050241828e-02 -1.931191565868754095e-02 9.982816257160616047e-01 5.280367121976063949e+00
6.709645381146930321e-01 -7.397759423066071482e-01 -5.037980574444547027e-02 7.598009805628889524e+01 7.395070935593851535e-01 6.725893089916702428e-01 -2.743899819418819594e-02 4.335832973456175665e+01 5.418363462343789988e-02 -1.884562979687937068e-02 9.983531320680931742e-01 5.370727283394687745e+00
6.660402878125638582e-01 -7.442622653349598716e-01 -4.963865667957988170e-02 7.672973915974453973e+01 7.439239055940463086e-01 6.676492800802013017e-01 -2.866496680933977234e-02 4.419705663647287963e+01 5.447547170053935323e-02 -1.783536127449614900e-02 9.983558099271020447e-01 5.445115561628114165e+00
6.608659462968264897e-01 -7.489073598728889225e-01 -4.892798738194456543e-02 7.755034870227088106e+01 7.485097966056103447e-01 6.624571555697282843e-01 -2.972575435401911964e-02 4.512895678131765465e+01 5.467453674277482356e-02 -1.697833964059617187e-02 9.983598706714738036e-01 5.526757765856650018e+00
6.565586734524957446e-01 -7.527430770957369566e-01 -4.804735792958643448e-02 7.829705234716760742e+01 7.522804707692846149e-01 6.581220204997045853e-01 -3.081426076618616963e-02 4.598445173544304510e+01 5.481625093254521852e-02 -1.591371925036587365e-02 9.983696372256177787e-01 5.600554305542882361e+00
6.528502731916492330e-01 -7.560208047791348029e-01 -4.710672751895522703e-02 7.904554194388346389e+01 7.555198961403899460e-01 6.543733998160953247e-01 -3.138725132012905317e-02 4.684959509285229728e+01 5.455480956961298450e-02 -1.509889454061511850e-02 9.983966128234486037e-01 5.673144246507593635e+00
6.486829461221896853e-01 -7.597175546569826521e-01 -4.516251344890100106e-02 7.986773433577020853e+01 7.590675861399036606e-01 6.501354132289349774e-01 -3.376927133121634256e-02 4.780641143249474112e+01 5.501686276514782675e-02 -1.237584953979041155e-02 9.984087256960545442e-01 5.753669229599051249e+00
6.445296782464676744e-01 -7.632868916909042456e-01 -4.443641204323738048e-02 8.060918543643565215e+01 7.623753387569661699e-01 6.459951456739075892e-01 -3.839445628807577893e-02 4.868345433707999348e+01 5.801169732309508636e-02 -9.130857579603062629e-03 9.982741461532065319e-01 5.832247566279198381e+00
6.398164190490898129e-01 -7.673459123573725948e-01 -4.260493380891330895e-02 8.135062286453866420e+01 7.661495377339437862e-01 6.412135055596197564e-01 -4.312940868350934043e-02 4.956647816492676384e+01 6.041404044282194796e-02 -5.046845430553509836e-03 9.981606451929280199e-01 5.916178129222758209e+00
6.331029891949098154e-01 -7.731234462711847888e-01 -3.821938378898262489e-02 8.216597005712294788e+01 7.716732069348182232e-01 6.342553826666734729e-01 -4.733488412742481444e-02 5.054718159813352685e+01 6.083656470206941225e-02 4.749840123863348688e-04 9.981476280532827206e-01 6.013297340653974032e+00
6.251550691469173193e-01 -7.797409415779221753e-01 -3.442648119688287989e-02 8.290142391770226027e+01 7.781083012424164780e-01 6.260831781769961024e-01 -5.066898288814871559e-02 5.144945899222155106e+01 6.106252725787652408e-02 4.888443137781343754e-03 9.981219722772226577e-01 6.099991189689588644e+00
6.156285914147597849e-01 -7.874476773989212974e-01 -3.045605763683627634e-02 8.370203332452251743e+01 7.857497805477087205e-01 6.163256794558621410e-01 -5.234462613435354739e-02 5.245739965000543492e+01 5.998951054824872009e-02 8.294010773512458176e-03 9.981645499023541479e-01 6.194824422917317719e+00
6.070814831060281636e-01 -7.941463532210133458e-01 -2.799322827237144679e-02 8.441976749567980676e+01 7.925693628211656350e-01 6.076652629764435209e-01 -5.076174120168327336e-02 5.339021560521977250e+01 5.732276946826839886e-02 8.629941047949746952e-03 9.983183985300653207e-01 6.280861483399650780e+00
5.982897500352299947e-01 -8.008116270902098099e-01 -2.738778645987266155e-02 8.512604142283241515e+01 7.992675286213655195e-01 5.988593764644988271e-01 -5.038736323917464288e-02 5.433237279857993940e+01 5.675222432638370867e-02 8.256077564152102324e-03 9.983541570143606991e-01 6.365087775420350980e+00
5.879831645582042077e-01 -8.083474805151212861e-01 -2.915692795049662500e-02 8.589026225522424340e+01 8.066694451723768200e-01 5.886591642607902353e-01 -5.258152142283557123e-02 5.538039939030608139e+01 5.966763890478701121e-02 7.397049415072683848e-03 9.981908921558453329e-01 6.454495096978823732e+00
5.782746851887101691e-01 -8.153335302767422688e-01 -2.880277750184978905e-02 8.657842884517059190e+01 8.135552733379908252e-01 5.789357876778958856e-01 -5.441684632900561924e-02 5.634351822064078164e+01 6.104284399481015033e-02 8.035236229855174245e-03 9.981028037560184529e-01 6.537356396155583838e+00
5.686598279430922220e-01 -8.220609544954303738e-01 -2.901316791873023021e-02 8.725771736554077052e+01 8.201796479744650759e-01 5.693411392651185343e-01 -5.617859671970594493e-02 5.731672893271660030e+01 6.270062704522881558e-02 8.150504429301893769e-03 9.979990988824501974e-01 6.624131523744504868e+00
5.579091357283957331e-01 -8.295106086692919378e-01 -2.548573499361206710e-02 8.799984923903606671e+01 8.276085479642386611e-01 5.583864046015827309e-01 -5.717287332550773787e-02 5.839741409360709667e+01 6.165639880332594164e-02 1.080505974105263993e-02 9.980389470890789205e-01 6.723595698434358781e+00
5.478440385328656737e-01 -8.362647833385792318e-01 -2.298037236697581670e-02 8.866358082988172384e+01 8.343908857072850349e-01 5.481900943284223615e-01 -5.726686367842852982e-02 5.939045036499819474e+01 6.048787953807906875e-02 1.219870037625748332e-02 9.980943887573543449e-01 6.815505984447055354e+00
5.377485665354971855e-01 -8.428184269856694444e-01 -2.198985819348235268e-02 8.931457337561026577e+01 8.409447863592268702e-01 5.380540991574030985e-01 -5.752978709774982102e-02 6.039656178756180793e+01 6.031890364321446096e-02 1.244430778346014912e-02 9.981015829051470556e-01 6.903164923043223489e+00
5.266837267985861049e-01 -8.497626624141357832e-01 -2.253097040734436049e-02 9.001754816128371317e+01 8.477999407249098285e-01 5.270301119276122881e-01 -5.894527747421306890e-02 6.151413405986273375e+01 6.196400164797227772e-02 1.194376687030666850e-02 9.980069186581376206e-01 7.000371351435849654e+00
5.167647925464755598e-01 -8.557970491694614212e-01 -2.378097133407117494e-02 9.064441653565721424e+01 8.537681871856416249e-01 5.172026271733224378e-01 -5.984437686983971189e-02 6.254325216563310619e+01 6.351422807682251259e-02 1.062203392040719785e-02 9.979244039498510466e-01 7.090559690541090809e+00
5.060238360573541261e-01 -8.621569576498161469e-01 -2.500464199042996480e-02 9.132241071391457865e+01 8.600709473904059044e-01 5.065581078438918805e-01 -6.063722986720194996e-02 6.368578140898232220e+01 6.494512004942548655e-02 9.178121114207841991e-03 9.978466286248306449e-01 7.191992034035918024e+00
4.965626411699649578e-01 -8.676341413911998757e-01 -2.522923229884340562e-02 9.192944450128592848e+01 8.655485627006482829e-01 4.971338530214629015e-01 -6.069302211123328572e-02 6.473643104891024791e+01 6.520164989662248500e-02 8.300765114717507942e-03 9.978375834410262435e-01 7.283876512508570045e+00
