1.000000000000000000e+00 4.869515752515837460e-17 -2.674185808889926830e-18 -3.814726312612037873e-13 5.086202705203049519e-17 1.000000000000000000e+00 1.005562892081464496e-18 -4.658256558265350122e-10 -2.263301162507814765e-18 4.783636636583182618e-18 9.999999999999998890e-01 7.647105171315615735e-12
9.998917217398429758e-01 1.468901238726788919e-02 -8.818740451709557822e-04 1.215576245855489734e-01 -1.468777729168328078e-02 9.998911603910933810e-01 1.391615136570661373e-03 -6.671097326521158166e-03 9.022197338002580815e-04 -1.378511860836021405e-03 9.999986428447207309e-01 -1.617134652125318262e-03
9.993220562552931341e-01 3.681589848794963177e-02 -1.320943587186873222e-04 2.732957576177263981e-01 -3.681495849945311954e-02 9.993123473457568018e-01 4.414902650585930677e-03 -1.897144813377565908e-02 2.945423617580820541e-04 -4.407047106208475916e-03 9.999902455221659769e-01 -3.170374471038406305e-03
9.980547223322966399e-01 6.232523037381825642e-02 1.528642425115126890e-03 4.289359855467946847e-01 -6.233342978015801034e-02 9.980368599573397059e-01 6.080287456935443667e-03 -3.890299148439702037e-02 -1.146686047320420645e-03 -6.163745912102274772e-03 9.999803464526719754e-01 -5.209662848390861356e-03
9.955457552208748506e-01 9.418723315574087374e-02 4.173015050702725409e-03 5.957388726560257641e-01 -9.421163180434148632e-02 9.955335298207370620e-01 6.095884616777691618e-03 -7.126306206773086460e-02 -3.580222013751886007e-03 -6.461879414018713644e-03 9.999727126619445405e-01 -6.759643605750209616e-03
9.909511552003203994e-01 1.340567392698080451e-01 6.678175381788362813e-03 7.916253844350664703e-01 -1.340800348584151591e-01 9.909654384277638561e-01 3.169347304022908721e-03 -1.223535597123478480e-01 -6.192968973955193489e-03 -4.036078827681787058e-03 9.999726782126370228e-01 -9.705113120190511644e-03
9.851070220523707732e-01 1.717947891726783194e-01 7.120707629714736510e-03 9.798777589248408582e-01 -1.717998294811560467e-01 9.851318745463045756e-01 9.688466257330747438e-05 -1.820378017615159605e-01 -6.998192063922486529e-03 -1.318778207690194087e-03 9.999746427422271378e-01 -1.344781413381290758e-02
9.760405951367872035e-01 2.174070619995675524e-01 8.883939484383410537e-03 1.199339249054536483e+00 -2.174155097439612050e-01 9.760791451139433361e-01 -1.609662618110746748e-05 -2.541419110406606396e-01 -8.674927913418730221e-03 -1.915795390827599318e-03 9.999605368953335960e-01 -1.879432539739334107e-02
9.646419562683363758e-01 2.633052303907618130e-01 1.167259315677008497e-02 1.408422992494172021e+00 -2.633260229653823781e-01 9.647068694183154047e-01 2.533009341327602162e-04 -3.299403522022170687e-01 -1.119393586035565338e-02 -3.318042483989915633e-03 9.999318408690039961e-01 -2.346774237816395825e-02
9.493266311527235324e-01 3.137124604798596783e-01 1.906399951583212168e-02 1.647298026203619870e+00 -3.137132476609800213e-01 9.495129472830196038e-01 -3.027308965206016063e-03 -4.365183805912192794e-01 -1.905122045947649223e-02 -3.106724318193351386e-03 9.998136822897119025e-01 -2.217235674908968335e-02
9.330954801958630807e-01 3.587888218291758746e-01 2.456423530226219468e-02 1.865962571806492498e+00 -3.585838722661532363e-01 9.334145431225520095e-01 -1.244594704860886580e-02 -5.622478467389209200e-01 -2.739408383382271536e-02 2.804919022980187967e-03 9.996207764710929311e-01 -2.136914533246903058e-02
9.129425586809393200e-01 4.071950235926729000e-01 2.698317086291143752e-02 2.084995789071215189e+00 -4.068269853919416201e-01 9.133237978975466964e-01 -1.820576069644156206e-02 -6.960436973756563006e-01 -3.205767045267216703e-02 5.643332857260360824e-03 9.994700889913742392e-01 -2.524285933971393003e-02
8.863535511266911193e-01 4.620051752384575217e-01 3.047282395435076466e-02 2.331160011599533455e+00 -4.615939244317670553e-01 8.868703879579299398e-01 -1.979825998014134864e-02 -8.548709101064451144e-01 -3.617234737763860841e-02 3.482188660241826265e-03 9.993394998189304435e-01 -3.015120844417018553e-02
8.591366527619941351e-01 5.105659148362278188e-01 3.473685910934833782e-02 2.556914141748533709e+00 -5.100980243853654450e-01 8.598379345801985263e-01 -2.188014157450250685e-02 -1.019940817828089319e+00 -4.103932784598748884e-02 1.078829234554029961e-03 9.991569496253818183e-01 -3.626713322340135992e-02
8.251699126409599572e-01 5.636864165890853595e-01 3.677265210311379817e-02 2.801739800964565319e+00 -5.630316528730139325e-01 8.259870039508974138e-01 -2.721833737005740356e-02 -1.228255674087852523e+00 -4.571634445140899949e-02 1.755587076014362199e-03 9.989529188728070164e-01 -4.492155455635726824e-02
7.906410097070895038e-01 6.111624626977205654e-01 3.697600515584441305e-02 3.019131666962507232e+00 -6.102983546611470134e-01 7.914985023697518329e-01 -3.265044586425105283e-02 -1.438562383490755270e+00 -4.922118460019889868e-02 3.248387839704961096e-03 9.987826206905708881e-01 -5.253858769139174711e-02
7.542102044589590326e-01 6.555927896226977358e-01 3.694653905415887230e-02 3.235137764818290851e+00 -6.545615258965944427e-01 7.551056567589613522e-01 -3.694144556057472883e-02 -1.669633219805318092e+00 -5.211709123155432860e-02 3.677833927912445809e-03 9.986342087181970806e-01 -6.381641357592093833e-02
7.121708967807612867e-01 7.011347170573901666e-01 3.496720267776634583e-02 3.471054252261118300e+00 -6.999778441421805608e-01 7.130154582946534036e-01 -4.049679596965593403e-02 -1.948822078167097516e+00 -5.332587084609108352e-02 4.364374352161244468e-03 9.985676262759449751e-01 -8.206299733002664354e-02
6.719005437662367575e-01 7.398654770281326565e-01 3.389271632868826739e-02 3.685630228082861670e+00 -7.386522887836894924e-01 6.727456178133268683e-01 -4.249880513296817180e-02 -2.224001594145779581e+00 -5.424458029764457623e-02 3.520039876897123905e-03 9.985214746543422670e-01 -1.006148765083657581e-01
6.265322827073381839e-01 7.785116254356173604e-01 3.710696412790270848e-02 3.925546806257779409e+00 -7.773268160114945591e-01 6.276272398466771207e-01 -4.297777801889685750e-02 -2.550697252368690826e+00 -5.674804669362161491e-02 -1.917271293670253385e-03 9.983866905042424467e-01 -1.214820391321218551e-01
5.860758922055814280e-01 8.093471336005593209e-01 3.836982171418615306e-02 4.138953607418709879e+00 -8.081718297898984327e-01 5.873069277244825637e-01 -4.391911163488405184e-02 -2.875440322846726904e+00 -5.808067468131020844e-02 -5.269475100326366165e-03 9.982979857559680648e-01 -1.399601569850622562e-01
5.471781849581179857e-01 8.361344918813997662e-01 3.840730642826600122e-02 4.346094138264390949e+00 -8.349435758586594147e-01 5.484754816666839172e-01 -4.520945527546839371e-02 -3.228771444942035718e+00 -5.886665626526428607e-02 -7.330304771990686814e-03 9.982389412929882910e-01 -1.596893802537197038e-01
5.059435215396116403e-01 8.616880957830799215e-01 3.891982655932100382e-02 4.571611973255482297e+00 -8.604015955201802512e-01 5.073545078910853823e-01 -4.796376671111964723e-02 -3.648496382581035924e+00 -6.107596194716005678e-02 -9.219722555362883792e-03 9.980905390386458631e-01 -1.799564812401429625e-01
4.697760580251824081e-01 8.818950858567948803e-01 3.964197189823532447e-02 4.774028332291077703e+00 -8.806746804818302854e-01 4.712835598398299464e-01 -4.799937279073792501e-02 -4.055671830901573571e+00 -6.101302620609441729e-02 -1.236272374368699301e-02 9.980604060884334938e-01 -2.022149026175669162e-01
4.345153566122234579e-01 8.998305587509678460e-01 3.874715989518889153e-02 4.969781631602901761e+00 -8.986832815553034148e-01 4.360100510138733565e-01 -4.757754096987975440e-02 -4.488217569461046885e+00 -5.970588171922501519e-02 -1.414825162344081344e-02 9.981157423532559525e-01 -2.266020725385345935e-01
3.988269153923664767e-01 9.163785909086217263e-01 3.445780981050107494e-02 5.174154146826958289e+00 -9.153024217005650831e-01 4.000989578458004070e-01 -4.628530410392408395e-02 -4.997268856669216497e+00 -5.620140018008278060e-02 -1.307949038561059991e-02 9.983337768295965642e-01 -2.557847866725992958e-01
3.703094038268543442e-01 9.284187708865085931e-01 3.015794289577520410e-02 5.354136829504414941e+00 -9.274017334837854065e-01 3.713622675275921048e-01 -4.490122947988520880e-02 -5.487468721989511522e+00 -5.288667037547618160e-02 -1.134117931756720848e-02 9.985361175795259836e-01 -2.843895077928049187e-01
3.453456893649132220e-01 9.380911626260802771e-01 2.685693646474247159e-02 5.533622931019198887e+00 -9.371539123891805545e-01 3.462363445605912138e-01 -4.316211631017776579e-02 -6.004374210718249394e+00 -4.978885085993632609e-02 -1.026323032542249096e-02 9.987070324933055021e-01 -3.132972787742935861e-01
3.234024243639204710e-01 9.459485371041317370e-01 2.433528613117585254e-02 5.731316337058406596e+00 -9.450357753005471650e-01 3.241852434347625156e-01 -4.255986321195165401e-02 -6.603690530549289228e+00 -4.814858417962257497e-02 -9.233750865644678105e-03 9.987975029935116655e-01 -3.446116310742475264e-01
3.087520001847103845e-01 9.508658385434742844e-01 2.294184462912494255e-02 5.910665820852704755e+00 -9.499236935300393592e-01 3.094873492038975327e-01 -4.315771177528057029e-02 -7.176217068899206630e+00 -4.813740762786723748e-02 -8.467969594421812657e-03 9.988048276731051889e-01 -3.718749844549641415e-01
2.964912585071920459e-01 9.547904691056842141e-01 2.163474603259125592e-02 6.110169123584050510e+00 -9.537602493930170677e-01 2.971896658749556552e-01 -4.494129881579732311e-02 -7.833651849546146906e+00 -4.933915005112233382e-02 -7.309655959667565005e-03 9.987553341712429589e-01 -4.017133272581695502e-01
2.858262446635142506e-01 9.580061685695793194e-01 2.296752354672650445e-02 6.296526991542119589e+00 -9.568940421377751804e-01 2.866196818449818773e-01 -4.693592916471731741e-02 -8.455322423831640677e+00 -5.154785763091146444e-02 -8.561963612859326347e-03 9.986338225359833176e-01 -4.301108021133380754e-01
2.755182344740981781e-01 9.609788525950690996e-01 2.468431562877979740e-02 6.483965765242871271e+00 -9.597990117054077119e-01 2.764309333314087791e-01 -4.870141418060919269e-02 -9.098752465478888496e+00 -5.362454152239272409e-02 -1.027385180408722093e-02 9.985083158885352805e-01 -4.607405940923138266e-01
2.647516408767439100e-01 9.639789136947144454e-01 2.551843468176748925e-02 6.687114319090856185e+00 -9.627148660334196029e-01 2.657439299041375880e-01 -5.059923045647473500e-02 -9.831142787222963975e+00 -5.555796462231168270e-02 -1.117074490827444332e-02 9.983929724493338931e-01 -4.966323613289839178e-01
2.548294459056772987e-01 9.666209872809562453e-01 2.656667418117519136e-02 6.869935874161487988e+00 -9.652702993045466640e-01 2.559171684678952507e-01 -5.253269451884431257e-02 -1.051969653006556982e+01 -5.757807768430347334e-02 -1.225714196577404325e-02 9.982657601469835384e-01 -5.307481754744214353e-01
2.445867808707572477e-01 9.692621306599011888e-01 2.661195682773057417e-02 7.049179275242138942e+00 -9.678245556370075331e-01 2.457129247096084546e-01 -5.422932891094726232e-02 -1.122632364497201607e+01 -5.910134147619679201e-02 -1.249192614773045155e-02 9.981738243838544911e-01 -5.680176403809119590e-01
2.337092039586478875e-01 9.719473505570320748e-01 2.642580378203069139e-02 7.242506356298166637e+00 -9.704405511993822175e-01 2.348575217634350787e-01 -5.556179618149445498e-02 -1.202428331133662098e+01 -6.020944439258470171e-02 -1.265936624336433912e-02 9.981054872812649137e-01 -6.122091999787985239e-01
2.234743156080035709e-01 9.743080459941299010e-01 2.798265522952735063e-02 7.415404851238523776e+00 -9.726401484679432219e-01 2.247777518946841302e-01 -5.870379950914508121e-02 -1.276549151954298189e+01 -6.348546806383283114e-02 -1.409826046455073777e-02 9.978831770012713820e-01 -6.540444718651854394e-01
2.124942548913300588e-01 9.767061393918901047e-01 2.985424545368542057e-02 7.584114615432657303e+00 -9.748859478712779136e-01 2.139844720655393051e-01 -6.170953489644245143e-02 -1.351680420877297806e+01 -6.666043258730786070e-02 -1.599156087589804001e-02 9.976475616717577211e-01 -6.985096729082637124e-01
1.994671920909302232e-01 9.794079233226086201e-01 3.119175997352480884e-02 7.758652592922754998e+00 -9.772915437368397962e-01 2.011575338620947562e-01 -6.661019087799768812e-02 -1.435234872287288965e+01 -7.151301305331581037e-02 -1.719689374584502939e-02 9.972914100270400262e-01 -7.475795829476714616e-01
1.869982330218856459e-01 9.818458153333234906e-01 3.178714320678461408e-02 7.907386979299843688e+00 -9.795843582616773348e-01 1.888030134057655518e-01 -6.905026944896767993e-02 -1.511704835434386673e+01 -7.379823371204516369e-02 -1.822590820236780207e-02 9.971066330759479346e-01 -7.933176174064594521e-01
1.720764047789075935e-01 9.845805192246804838e-01 3.147822441130344873e-02 8.059021801767208615e+00 -9.822881458322878512e-01 1.739061226965114004e-01 -6.976167828751742017e-02 -1.596260244239673121e+01 -7.416025261390768453e-02 -1.891634621460181950e-02 9.970669132692191461e-01 -8.442048569450167905e-01
1.582476250996621980e-01 9.868897890319504596e-01 3.172065304561986349e-02 8.186806929022189649e+00 -9.846913987551361158e-01 1.601098159108558239e-01 -6.890376598229042138e-02 -1.673622878430049354e+01 -7.307921803296368868e-02 -2.033119531696022872e-02 9.971188851455616842e-01 -8.922873619783036059e-01
1.426276246158043881e-01 9.892872559377282604e-01 3.111353642899024330e-02 8.301476327931421650e+00 -9.871673847209498920e-01 1.444622964481199479e-01 -6.805315967912523023e-02 -1.751637351070402104e+01 -7.181886334269896310e-02 -2.100800630939175795e-02 9.971964276066308530e-01 -9.390323680333838574e-01
1.210063782555610146e-01 9.921289529909786964e-01 3.221122598812691668e-02 8.411646954950388277e+00 -9.901851808776530595e-01 1.229282739225127652e-01 -6.649797276998711815e-02 -1.837934412329933664e+01 -6.993424101369576096e-02 -2.384839847780391084e-02 9.972664921980106678e-01 -9.881069533343413980e-01
9.664512009723730257e-02 9.947055468473080531e-01 3.493653785127702471e-02 8.496395208023487911e+00 -9.929540877388534081e-01 9.877428993841007310e-02 -6.546642539180158593e-02 -1.917040292751206110e+01 -6.857065445539960169e-02 -2.836336667773633677e-02 9.972429921388783480e-01 -1.033162895031202400e+00
6.777265449733849145e-02 9.969984881617039996e-01 3.742789856858998870e-02 8.560448233645917782e+00 -9.953914862230871519e-01 7.011913272117023532e-02 -6.541506041310951591e-02 -1.996618485875391258e+01 -6.784313425906333961e-02 -3.282205887461007304e-02 9.971559668134737375e-01 -1.078208395134248931e+00
3.292442144972378137e-02 9.987041427263837479e-01 3.880700120167265149e-02 8.598164862887770710e+00 -9.972412733462693302e-01 3.541114922667560477e-02 -6.523746731906233942e-02 -2.084648763306013564e+01 -6.652713529775676482e-02 -3.655203731122972505e-02 9.971148827349426425e-01 -1.126372835791496385e+00
-5.276914131629800112e-05 9.992483620662941934e-01 3.876433488025799595e-02 8.603693397563143108e+00 -9.978684395189628686e-01 2.477066653636626151e-03 -6.521100759127956836e-02 -2.165016884454551871e+01 -6.525802007157022189e-02 -3.868514748141664572e-02 9.971182731687004974e-01 -1.167196617600852804e+00
-3.587335445328047878e-02 9.986440430044890570e-01 3.772457283919558590e-02 8.576789845433653525e+00 -9.973710084245704932e-01 -3.339829598380667647e-02 -6.430909218077196510e-02 -2.253632812248589801e+01 -6.296196070386382571e-02 -3.993237809180279901e-02 9.972167252622147204e-01 -1.211203230773453043e+00
-6.740239920132430618e-02 9.970079822913768819e-01 3.784132039381222362e-02 8.527448867452251946e+00 -9.959283737558811689e-01 -6.495690875029185019e-02 -6.250846547556668242e-02 -2.334277356890219579e+01 -5.986338868419281700e-02 -4.190046529791741081e-02 9.973267900244945361e-01 -1.249813269499958190e+00
-9.855681620231904194e-02 9.943557309695517654e-01 3.928358626502630180e-02 8.454543793588303657e+00 -9.935418137419130824e-01 -9.609229631369613223e-02 -6.034044018256682490e-02 -2.414911328964792503e+01 -5.622501675401673366e-02 -4.497684753420221754e-02 9.974045473173315246e-01 -1.286660187093678021e+00
-1.325575044279678205e-01 9.905248675024357352e-01 3.590210349061821044e-02 8.338489505987476846e+00 -9.898693990805189635e-01 -1.304372042516092345e-01 -5.607800031451394551e-02 -2.503270162200891846e+01 -5.086368723350904314e-02 -4.297195326857419090e-02 9.977806857165951726e-01 -1.324175796286703566e+00
-1.626202289449735217e-01 9.862251701032132001e-01 3.024138639009726209e-02 8.201868507759678906e+00 -9.856455780194794958e-01 -1.609629831757458385e-01 -5.092883243372100383e-02 -2.583181179492703450e+01 -4.535955519651899137e-02 -3.808934626666606732e-02 9.982443150852795544e-01 -1.355665235744693220e+00
-1.944882246172211782e-01 9.806110273765331620e-01 2.400646391771132579e-02 8.023261386823399732e+00 -9.801503852931576777e-01 -1.933206998472940530e-01 -4.395864335469789469e-02 -2.670633679477687039e+01 -3.846538545905427847e-02 -3.207938153773978035e-02 9.987448760615670329e-01 -1.383750665605199881e+00
-2.220138924453726181e-01 9.748732720351567238e-01 1.821818443551463315e-02 7.836148171387111283e+00 -9.744506209131745811e-01 -2.211886675226384658e-01 -3.900760864109059645e-02 -2.749838114159185665e+01 -3.399781987534052780e-02 -2.641294947683480582e-02 9.990728223517273410e-01 -1.404648140565811332e+00
-2.487709003538859931e-01 9.685030975387786123e-01 1.071246005137153727e-02 7.620698518444999792e+00 -9.681022721693969268e-01 -2.482966469623369699e-01 -3.356781368847364805e-02 -2.828749111956484086e+01 -2.985066372669049894e-02 -1.872144834318223428e-02 9.993790298247479109e-01 -1.419820717455088310e+00
-2.765247340037044199e-01 9.609867720692604198e-01 6.201892588666877912e-03 7.363765934958181880e+00 -9.607739855625945236e-01 -2.763099296341696709e-01 -2.379502893422984211e-02 -2.914563875231528911e+01 -2.115306226814727200e-02 -1.253852636905872404e-02 9.996976209251091650e-01 -1.428362943635693938e+00
-3.010833189157341994e-01 9.535809324042112678e-01 5.675296896179145463e-03 7.114200064836120774e+00 -9.535721936893982731e-01 -3.010262252735058652e-01 -9.127683974520860860e-03 -2.990996241571320269e+01 -6.995568653261957301e-03 -8.159993275323426318e-03 9.999422365642636201e-01 -1.431104924550374857e+00
-3.249833712800556662e-01 9.456671396408707908e-01 9.971886286435853453e-03 6.852912570866659614e+00 -9.456604465213739319e-01 -3.250630064096879379e-01 7.771272243830095079e-03 -3.066419947758755882e+01 1.059053449028239322e-02 -6.904478486266703470e-03 9.999200811622100948e-01 -1.427891803046017039e+00
-3.515592267700951568e-01 9.360193303015059696e-01 1.654971780293231637e-02 6.547572997333942268e+00 -9.357394249596017177e-01 -3.518776464656186986e-01 2.395580607873142379e-02 -3.148656523957926368e+01 2.824658249485994047e-02 -7.064332950215939343e-03 9.995760230427279680e-01 -1.413722979114658829e+00
-3.754569526477226082e-01 9.266637712349929945e-01 1.806383634921737355e-02 6.246150239645494651e+00 -9.260439056607819852e-01 -3.758708101258491086e-01 3.411522077441091205e-02 -3.222803995364515828e+01 3.840301872696777474e-02 -3.919102406152408409e-03 9.992546467191127935e-01 -1.384945979913839054e+00
-4.005299836623488763e-01 9.161131372031522391e-01 1.767549429951524587e-02 5.890427875497944221e+00 -9.153233480875623274e-01 -4.009187020318090156e-01 3.804459836929895838e-02 -3.303724594693792938e+01 4.193960390438009750e-02 -9.407834271051178148e-04 9.991197049529235708e-01 -1.342785632944835994e+00
-4.223800888104435325e-01 9.062923136778124888e-01 1.514181044772012694e-02 5.549681568039107837e+00 -9.055182606896737818e-01 -4.226460291715139483e-01 3.751055344684848386e-02 -3.376452464695587707e+01 4.039516333664091435e-02 2.132532367758639431e-03 9.991815067190163990e-01 -1.300289826211288968e+00
-4.422404913579972563e-01 8.968349613186803460e-01 1.050581780990704484e-02 5.191204756783980301e+00 -8.962288305778410846e-01 -4.423328446678553294e-01 3.340007892230931891e-02 -3.448438526778479485e+01 3.460143678243454701e-02 5.355258346749124966e-03 9.993868430341862341e-01 -1.256347934063836824e+00
-4.615286038458285001e-01 8.871225423206845484e-01 2.217099823008721222e-03 4.777138953455823511e+00 -8.866755399915807745e-01 -4.613727273052126154e-01 3.068746028779646348e-02 -3.526072981747903157e+01 2.824645611475001122e-02 1.219730133286958847e-02 9.995265698443480673e-01 -1.209769220030712633e+00
-4.750951076932187767e-01 8.799340399503046140e-01 -8.349795260099589136e-04 4.394711305192359418e+00 -8.794914636136377251e-01 -4.748256002561066502e-01 3.217827291465061301e-02 -3.595312877332176527e+01 2.791829687504925744e-02 1.602210677029795513e-02 9.994817962877234896e-01 -1.170054076312047719e+00
-4.861136039354690963e-01 8.738930628946312007e-01 -2.110037427568668342e-03 4.010383381391787516e+00 -8.733929098767198029e-01 -4.857506501171979241e-01 3.508784618335299837e-02 -3.663561593439354169e+01 2.963808241365404814e-02 1.889958088200099223e-02 9.993820041840359991e-01 -1.134817124728194404e+00
-4.967771080789319949e-01 8.678758013759159118e-01 -2.017970319300033902e-03 3.583586294263292782e+00 -8.672784191791087505e-01 -4.963460335544374602e-01 3.832472104991632017e-02 -3.737463815529230970e+01 3.225949591989085707e-02 2.078899628356186205e-02 9.992633001289314976e-01 -1.096783989569723783e+00
-5.066974322510242601e-01 8.621105485600656371e-01 4.805053879435652875e-03 3.199568641673185887e+00 -8.613965381844007618e-01 -5.064909435286282235e-01 3.824857401543713814e-02 -3.804256371949708182e+01 3.540822537224021932e-02 1.524140688708592456e-02 9.992567024914995599e-01 -1.058221293651957495e+00
-5.187429637031989449e-01 8.549061717298868102e-01 6.414820147655980222e-03 2.765851284522240938e+00 -8.542655982494059552e-01 -5.186208889869026173e-01 3.553429401104769847e-02 -3.877692397784453959e+01 3.370535664634963929e-02 1.295321400849578850e-02 9.993478691188538710e-01 -1.014873670207562917e+00
-5.272698672786795271e-01 8.496831620252401907e-01 4.998629920993759648e-03 2.353310791160751148e+00 -8.490006280860605825e-01 -5.270663457514959127e-01 3.740354583603168470e-02 -3.943138204067998487e+01 3.441578245280602771e-02 1.547793226184411564e-02 9.992877402956652499e-01 -9.782694162375960012e-01
-5.344126028582943944e-01 8.452180519235459322e-01 3.096760917696085406e-03 1.930917356523365713e+00 -8.444592691041742372e-01 -5.340814494558312475e-01 4.056565553558506843e-02 -4.008816363350916845e+01 3.594075688113915201e-02 1.906371914874710471e-02 9.991720757956599197e-01 -9.395407118992877837e-01
-5.385449410551568228e-01 8.425845425862312776e-01 4.539883536633270572e-03 1.460131531378551006e+00 -8.416676961079874175e-01 -5.381962497964228875e-01 4.404895061256454414e-02 -4.082266089979422929e+01 3.955832374642921645e-02 1.990127636928415433e-02 9.990190582369492533e-01 -8.981679423495315673e-01
-5.383942050533453427e-01 8.426732028530260488e-01 5.790392513375417806e-03 1.023573349133521937e+00 -8.416564628998144393e-01 -5.380599141510276073e-01 4.589064423169913337e-02 -4.150307277768217773e+01 4.178640516591455162e-02 1.983374580399146700e-02 9.989296869141472968e-01 -8.620500202072860496e-01
-5.355401659897514044e-01 8.445018127661851892e-01 3.659810347396090513e-03 5.774640342591811359e-01 -8.434989676162861771e-01 -5.351061158374837978e-01 4.659356721626006087e-02 -4.220026940217151434e+01 4.130674971969472420e-02 2.186569088186922707e-02 9.989072251926183199e-01 -8.206302548182068390e-01
-5.294700071540242581e-01 8.483178834146208880e-01 4.272627881555621232e-03 8.762524474888899739e-02 -8.473724775125538455e-01 -5.291055703036080526e-01 4.480183222411798089e-02 -4.298876108686576458e+01 4.026687739036682173e-02 2.010072931024307549e-02 9.989867565578435249e-01 -7.742660764657519623e-01
-5.228562267645311401e-01 8.524022568432065849e-01 5.633256277395075340e-03 -3.567172477407403175e-01 -8.514662178744973886e-01 -5.225719214159945114e-01 4.386218608999043617e-02 -4.372433635740895141e+01 4.033201869399396372e-02 1.813709957198264208e-02 9.990217086583079720e-01 -7.328391526772066733e-01
-5.160103210878851376e-01 8.565552033534754583e-01 6.819590494735413601e-03 -8.035915566967074541e-01 -8.556138055997271064e-01 -5.157890083722794783e-01 4.343661321561673866e-02 -4.447565321061651389e+01 4.072333769323959601e-02 1.657881459584788220e-02 9.990329089373973792e-01 -6.912062662348625874e-01
-5.093022795325545804e-01 8.605416727221418816e-01 8.898989956063876883e-03 -1.297010512727777787e+00 -8.596322895793621077e-01 -5.091967772407006709e-01 4.184487884817408854e-02 -4.532182444121472997e+01 4.054060984428701359e-02 1.366184230701781611e-02 9.990844876395219565e-01 -6.441954488682241076e-01
-5.047323624869863856e-01 8.631893499939357062e-01 1.222140028379129981e-02 -1.747094815212496322e+00 -8.623155322397947353e-01 -5.047879284878394879e-01 4.001369049484467671e-02 -4.610978636697032584e+01 4.070861766164914769e-02 9.657509944551976450e-03 9.991243873132830133e-01 -5.994487724120728389e-01
-5.029694108524865870e-01 8.641597047550206856e-01 1.580350246874516126e-02 -2.246622453687067811e+00 -8.633906923883926110e-01 -5.031942537612129618e-01 3.677065008570995497e-02 -4.699569162576245418e+01 3.972795643951112371e-02 4.849923348568367654e-03 9.991987630225809269e-01 -5.469366391766302682e-01
-5.032655938458878708e-01 8.639461369377703370e-01 1.791057805895393887e-02 -2.709999985981288884e+00 -8.632713136798513265e-01 -5.035811844867238429e-01 3.418559735110747455e-02 -4.781398054731418767e+01 3.855395537902310543e-02 1.742754383677968958e-03 9.992550002821075639e-01 -4.991146712534626495e-01
-5.042508938909764371e-01 8.633508933117918227e-01 1.887446293611450693e-02 -3.182201664841398436e+00 -8.627312731929908107e-01 -5.046039693853839880e-01 3.270488924343677856e-02 -4.864078059007278654e+01 3.775993462466169237e-02 2.078876862128755819e-04 9.992868178613677488e-01 -4.512937000518838504e-01
-5.047142836076891070e-01 8.630860005775401467e-01 1.860166303972929369e-02 -3.711654003524925916e+00 -8.624910168462631699e-01 -5.050569404961675612e-01 3.204306719827891559e-02 -4.956239795306775875e+01 3.705083198395169031e-02 1.288339180043898355e-04 9.993133740090724970e-01 -4.012200734595807727e-01
-5.049141254958614544e-01 8.629771194856433736e-01 1.822612034825800073e-02 -4.200338692481379255e+00 -8.624105852906910341e-01 -5.052429719883801962e-01 3.126574930338009428e-02 -5.040956092354640816e+01 3.619025559115821022e-02 6.812682632204411948e-05 9.993449159176522878e-01 -3.570495688272943280e-01
-5.049501648280370070e-01 8.629672643768832030e-01 1.768632231622625089e-02 -4.694318427709205821e+00 -8.624193517251341756e-01 -5.052597350962680922e-01 3.074877741001641809e-02 -5.126695411765192034e+01 3.547138484208299525e-02 2.735810975874799350e-04 9.993706550704549718e-01 -3.117902824218256042e-01
-5.050267290499993456e-01 8.629206634178837598e-01 1.777374292554717919e-02 -5.242275311860779219e+00 -8.623925522462577709e-01 -5.053393868446285353e-01 3.018634444544147227e-02 -5.221630832723675297e+01 3.503020264438401477e-02 -8.302526991949757266e-05 9.993862507589921229e-01 -2.612541615399204264e-01
-5.052057341418820791e-01 8.627947820147298108e-01 1.876978088663100452e-02 -5.740694590469013647e+00 -8.623195040968728575e-01 -5.055514509801286582e-01 2.868499150434071152e-02 -5.308613859251308753e+01 3.423836074226693782e-02 -1.693718701941071981e-03 9.994122603524695503e-01 -2.137516891300923483e-01
-5.051414314141734474e-01 8.628316869127462541e-01 1.880395389910199250e-02 -6.289674263133687049e+00 -8.623919499073396944e-01 -5.054862657921290747e-01 2.763666621057410747e-02 -5.403985689215682697e+01 3.335094141012562990e-02 -2.255946159553929090e-03 9.994411566326454333e-01 -1.603659703463630182e-01
-5.045865953383360525e-01 8.631350392334654620e-01 1.975464984413566674e-02 -6.786144619020766378e+00 -8.627182471205980807e-01 -5.049616946500551373e-01 2.703587499703851219e-02 -5.490422496869131663e+01 3.331096212841553467e-02 -3.400749738046242397e-03 9.994392502046323123e-01 -1.103120090629452488e-01
-5.035039067734460305e-01 8.637729666287937702e-01 1.949492971590176954e-02 -7.281788897038811825e+00 -8.634003307784733350e-01 -5.038660237231423755e-01 2.566952515576463589e-02 -5.576818431191481551e+01 3.199548404356237358e-02 -3.907215602989767833e-03 9.994803763931147111e-01 -6.115364623243002562e-02
-5.013823654274163211e-01 8.650480202087013071e-01 1.753911598591584298e-02 -7.825946594682666735e+00 -8.647388153861320648e-01 -5.016772298525460361e-01 2.338298294014537829e-02 -5.671900262928951975e+01 2.902638717367142518e-02 -3.442932072760826988e-03 9.995727162988798931e-01 -7.470582504391587442e-03
-4.990859710983648889e-01 8.664005052480182600e-01 1.622751033826320965e-02 -8.317753012507779431e+00 -8.661286961692831188e-01 -4.993400111014699716e-01 2.192397692149394839e-02 -5.758336383557006855e+01 2.709799852041534091e-02 -3.113156017537363658e-03 9.996279341955329745e-01 3.956241538575278049e-02
-4.968557811665761381e-01 8.676921984381293917e-01 1.563827178310205068e-02 -8.805692257499099895e+00 -8.674301569949095514e-01 -4.970935139838706385e-01 2.151713161172826363e-02 -5.844556627071311539e+01 2.644393925180186372e-02 -2.874190251281669075e-03 9.996461659967490476e-01 8.455098819375150843e-02
-4.945929898489339616e-01 8.689932848048139702e-01 1.511354788501785736e-02 -9.339147225779701245e+00 -8.687146192359201935e-01 -4.948190005835331751e-01 2.211544530032346148e-02 -5.939084369913066297e+01 2.669665270991340017e-02 -2.191208645891489209e-03 9.996411793398614076e-01 1.334864681723421098e-01
-4.937013518738219142e-01 8.694949247562185901e-01 1.541184366854117180e-02 -9.820583240119608703e+00 -8.692089223004209053e-01 -4.939363697111475160e-01 2.242182040423360001e-02 -6.024883656777311103e+01 2.710813782060666338e-02 -2.326421865071922907e-03 9.996297998362967396e-01 1.777458764878703246e-01
-4.943019074745291785e-01 8.691235077835014478e-01 1.702722693357974076e-02 -1.034514818159944127e+01 -8.688007943808698785e-01 -4.945860306253307970e-01 2.387182258221103026e-02 -6.118724873444730150e+01 2.916899975780072596e-02 -2.993373815612349054e-03 9.995700121924824266e-01 2.284354958459154927e-01
-4.969572309909111030e-01 8.675552614224588677e-01 1.952826200494729020e-02 -1.082026300560649901e+01 -8.671918871069639323e-01 -4.973223768617877072e-01 2.546979020048841316e-02 -6.203585904797679973e+01 3.180830158967544452e-02 -4.277347086353306370e-03 9.994848354900406351e-01 2.745029610348834748e-01
-5.010880599859472984e-01 8.651320487031495254e-01 2.138384128263130790e-02 -1.129763505454719130e+01 -8.647558389676964774e-01 -5.015148135477596192e-01 2.608172565774206572e-02 -6.287866256361030537e+01 3.328845957205690126e-02 -5.422553542370473281e-03 9.994310754127849750e-01 3.213767122291421030e-01
-5.068803075560996962e-01 8.617813351732350746e-01 2.013103520967173682e-02 -1.183069607390786615e+01 -8.614398468954785892e-01 -5.072571395003112604e-01 2.473075154067434084e-02 -6.380044321037767929e+01 3.152412076088484394e-02 -4.806138078817312649e-03 9.994914361624958055e-01 3.733308333339044882e-01
-5.122588793049355216e-01 8.586595417635012328e-01 1.716410527978999567e-02 -1.232333936356004500e+01 -8.583806109414451324e-01 -5.125351532350064243e-01 2.214652947452756815e-02 -6.462893883928352068e+01 2.781354490376303223e-02 -3.388571735957689700e-03 9.996073851235600660e-01 4.244524732827525404e-01
-5.176876845708014985e-01 8.553590638620323094e-01 1.898177841225767368e-02 -1.286156058126043256e+01 -8.551456744692217393e-01 -5.180021612161411770e-01 1.999153697174738467e-02 -6.553551376931665118e+01 2.693255315507330286e-02 -5.882806437984076930e-03 9.996199428940759635e-01 4.773281834990283912e-01
-5.224491720536439399e-01 8.524714396249294390e-01 1.841961488445871542e-02 -1.335545472055962435e+01 -8.521785713167030485e-01 -5.227595923292772673e-01 2.267412952415593513e-02 -6.634707857009840382e+01 2.895808708454537458e-02 -3.850713837249951192e-03 9.995732095718610211e-01 5.237032479552723441e-01
-5.270420011465003496e-01 8.496111528676708602e-01 1.968738402915660296e-02 -1.385130535439266275e+01 -8.492480198881181552e-01 -5.273979709252872849e-01 2.508397321055094026e-02 -6.715331822593392985e+01 3.169471909715112362e-02 -3.499157336395239057e-03 9.994914711030350452e-01 5.701637511576940209e-01
-5.320997603607547921e-01 8.463981973199183884e-01 2.190689227939510500e-02 -1.439622228125433523e+01 -8.460461154198301026e-01 -5.325246706548586451e-01 2.496938666863690592e-02 -6.803556057681471714e+01 3.280001393398365717e-02 -5.248029520471708675e-03 9.994481564326908041e-01 6.234400800591259895e-01
-5.356895698647663462e-01 8.440894692523983611e-01 2.344414859931946010e-02 -1.489575967518550925e+01 -8.437318186043679669e-01 -5.361664274966297938e-01 2.534175808283208389e-02 -6.883163530593800772e+01 3.396068618084330248e-02 -6.205251820488217468e-03 9.994039057223408351e-01 6.718648715001733773e-01
-5.389063770981290524e-01 8.420678515007294918e-01 2.239700375187449535e-02 -1.539982396043118307e+01 -8.417243239265399524e-01 -5.393430326679207187e-01 2.468359607288934249e-02 -6.962432589312285813e+01 3.286494010091949719e-02 -5.549948582006715252e-03 9.994443926030325276e-01 7.187091084756908055e-01
-5.416877353061363420e-01 8.404073515130952021e-01 1.702517585880909678e-02 -1.596127731269005956e+01 -8.402168105016236677e-01 -5.419379142945907057e-01 1.841283986351841331e-02 -7.049690267805188171e+01 2.470088240578749428e-02 -4.330822335979148813e-03 9.996855057684740364e-01 7.671607367622660378e-01
-5.438135366385762337e-01 8.391240092862658484e-01 1.173499614898558183e-02 -1.647112515591137338e+01 -8.390814679563390888e-01 -5.439205952014570800e-01 9.628111499707532259e-03 -7.128901576122552797e+01 1.446209206940115080e-02 -4.610713357704423164e-03 9.998847879658722126e-01 8.098070313031445755e-01
-5.456582298882153292e-01 8.379526531161278768e-01 9.613692073808469823e-03 -1.702678688985078637e+01 -8.379523681188483231e-01 -5.457181947520436394e-01 5.244514238436139356e-03 -7.214984694159285539e+01 9.641026969958270409e-03 -5.194096677259614318e-03 9.999400341646852430e-01 8.459600622948130200e-01
-5.466740025529741587e-01 8.372454355034018025e-01 1.294571366704488566e-02 -1.752741143462984752e+01 -8.371625555731578849e-01 -5.468124120788222520e-01 1.245253752684102704e-02 -7.291809658704545427e+01 1.750471406226524612e-02 -4.030181045695878372e-03 9.998386583030891561e-01 8.738327690208885778e-01
-5.476712040676747772e-01 8.365609875884939539e-01 1.489772358439662645e-02 -1.803024207841966486e+01 -8.363655015260665904e-01 -5.478682509524080979e-01 1.825243827973766636e-02 -7.368176410217121486e+01 2.343127545754218610e-02 -2.463599842850633815e-03 9.997224145084089297e-01 9.060984151138374854e-01
-5.482998221357163748e-01 8.362087118683687592e-01 1.105762786843559296e-02 -1.858877448859484005e+01 -8.358993855601853928e-01 -5.484010001328613049e-01 2.299096003923776013e-02 -7.452275925940298862e+01 2.528926346169666980e-02 3.362883071850795384e-03 9.996745191852077772e-01 9.437813114213735588e-01
-5.481824278041216303e-01 8.363284967055614194e-01 7.116692325831681931e-03 -1.909448374784042102e+01 -8.360296563016281768e-01 -5.481855553109254986e-01 2.338877307360552257e-02 -7.528530216445177814e+01 2.346197326281316414e-02 6.871557128515934365e-03 9.997011141712932591e-01 9.854176875837488137e-01
-5.476440567749197852e-01 8.366880398737540636e-01 6.251947683086616671e-03 -1.959480129155616268e+01 -8.364538039375448708e-01 -5.476455607831720584e-01 2.072191256267149825e-02 -7.605268391854632171e+01 2.076163526611106772e-02 6.118775300725063683e-03 9.997657301708385846e-01 1.024242869752980400e+00
-5.468463490886238398e-01 8.372206264330080971e-01 4.546312789142097424e-03 -2.014355986248673958e+01 -8.370782585298044420e-01 -5.468416145008448970e-01 1.625613286319771769e-02 -7.689679839319728671e+01 1.609608947580944832e-02 5.083995640900865372e-03 9.998575243436695903e-01 1.060860833967113059e+00
-5.460086163813175908e-01 8.377714307368490099e-01 3.687334662237573384e-03 -2.063898530013768351e+01 -8.377164492811965957e-01 -5.460162162276662734e-01 9.872508378945496835e-03 -7.766658311004697168e+01 1.028425575896936735e-02 2.301541706844367156e-03 9.999444669726772483e-01 1.095487530883541893e+00
-5.453131834980788906e-01 8.381756695170415883e-01 9.749600247640969122e-03 -2.117003763295666374e+01 -8.381969403427638188e-01 -5.453602131432813138e-01 2.855065471702665589e-03 -7.851259812124099824e+01 7.710095835755092011e-03 -6.615173432776881406e-03 9.999483955945007718e-01 1.126746143879226114e+00
-5.438301965699773310e-01 8.390546419801269140e-01 1.536231802690604664e-02 -2.165079679737052132e+01 -8.391630937606462393e-01 -5.438785666157774923e-01 -1.196329081656373602e-03 -7.927948495405631490e+01 7.351455339349089423e-03 -1.354208427373027740e-02 9.998812769303042636e-01 1.147346118069329624e+00
-5.419768198604887344e-01 8.402991360186267134e-01 1.258826446627882116e-02 -2.214146980781130836e+01 -8.403753808104453826e-01 -5.420025887785288043e-01 -1.561254229922780885e-03 -8.003931064818301877e+01 5.510956355302365668e-03 -1.142502495639939261e-02 9.999195458001040038e-01 1.169211390716409227e+00
-5.386696507287590530e-01 8.424679581704217490e-01 9.095183264726976191e-03 -2.267939633893360707e+01 -8.424963377657126440e-01 -5.387007527043159438e-01 1.201842852531193051e-03 -8.086986789239080053e+01 5.912101247145674920e-03 -7.015255583211440701e-03 9.999579157095405124e-01 1.194771102411382735e+00
-5.338583276603567906e-01 8.455252576738698789e-01 9.071932701597699641e-03 -2.316093922200863275e+01 -8.455194934952432462e-01 -5.339149840295974725e-01 5.621444432905892304e-03 -8.162656602135351136e+01 9.596719752815674465e-03 -4.669434003492701005e-03 9.999430480417694778e-01 1.213460599891223790e+00
-5.265512488733601337e-01 8.501335621329054737e-01 4.084590870093818965e-03 -2.364167730204864881e+01 -8.500933941084493073e-01 -5.265663101666152590e-01 8.316683888426035925e-03 -8.238679214496107761e+01 9.221105700332301106e-03 9.068842646245507330e-04 9.999570734751237477e-01 1.230804590820080868e+00
-5.180461131742901681e-01 8.553466197435165563e-01 -3.218600063118282149e-03 -2.416441634509129344e+01 -8.553234891370932180e-01 -5.179936501566396734e-01 1.021433131343949668e-02 -8.322737030819867243e+01 7.069584700710629561e-03 8.044447436059264794e-03 9.999426523222033625e-01 1.254893762708242377e+00
-5.085897947432519439e-01 8.610075269157012601e-01 -1.560007534654688985e-03 -2.461979641287505771e+01 -8.609676466546302143e-01 -5.085467995364446603e-01 1.071865966753998700e-02 -8.399756949145832152e+01 8.435515397552698427e-03 6.794525293825006904e-03 9.999413365743938797e-01 1.268788317910526153e+00
-4.970071648253863161e-01 8.677463204603097502e-01 -4.187975733848312010e-04 -2.510643270995007725e+01 -8.677162469380921284e-01 -4.969857800666837577e-01 8.583426063027598668e-03 -8.485614817915841002e+01 7.240105368227590064e-03 4.629429734474332057e-03 9.999630739738399887e-01 1.283601900812068264e+00
-4.858073152467907163e-01 8.740631329114131320e-01 -2.205831135975563819e-03 -2.554382422457065971e+01 -8.740589026666130135e-01 -4.857917215257654409e-01 5.240645423015152793e-03 -8.563811485640847820e+01 3.509085300663212104e-03 4.473978174333186758e-03 9.999838348134725274e-01 1.297559491421166555e+00
-4.749888241854649529e-01 8.799877006339981156e-01 -2.690133705341712922e-03 -2.596780528023417389e+01 -8.799891836296632741e-01 -4.749776536085433820e-01 3.910503172162653127e-03 -8.642278273301288039e+01 2.163445959042309061e-03 4.224741730866203235e-03 9.999887354883549850e-01 1.311245606924523077e+00
-4.624504741822176301e-01 8.866360182365933262e-01 -4.012836969108634147e-03 -2.642138115576758395e+01 -8.866443068966871621e-01 -4.624391423106784527e-01 3.455413975852375964e-03 -8.729095448525181666e+01 1.208006140041087851e-03 5.155924806125010591e-03 9.999859785092657383e-01 1.320187795061703806e+00
