1.000000e+00 0.000000e+00 0.000000e+00 0.000000e+00 0.000000e+00 1.000000e+00 0.000000e+00 0.000000e+00 0.000000e+00 0.000000e+00 1.000000e+00 0.000000e+00
9.989482e-01 4.575388e-02 -3.023819e-03 1.050293e+00 -4.575325e-02 9.989527e-01 2.774483e-04 4.793835e-03 3.033347e-03 -1.388070e-04 9.999954e-01 6.989247e-02
9.956464e-01 9.309934e-02 -4.563731e-03 2.075989e+00 -9.309122e-02 9.956557e-01 1.960160e-03 -1.310731e-01 4.726394e-03 -1.526782e-03 9.999877e-01 6.583567e-02
9.894408e-01 1.448213e-01 -5.800395e-03 3.467436e+00 -1.448233e-01 9.894575e-01 7.862603e-05 -1.128975e-01 5.750631e-03 7.622364e-04 9.999832e-01 5.081045e-02
9.813257e-01 1.922536e-01 -6.196612e-03 4.433359e+00 -1.922628e-01 9.813430e-01 -9.309639e-04 -2.464965e-01 5.902020e-03 2.104957e-03 9.999804e-01 1.024682e-01
9.715314e-01 2.367056e-01 -9.856018e-03 5.467026e+00 -2.367585e-01 9.715577e-01 -4.583629e-03 -4.578333e-01 8.490720e-03 6.786635e-03 9.999409e-01 1.020823e-01
9.595336e-01 2.813384e-01 -1.200177e-02 6.394638e+00 -2.814248e-01 9.595631e-01 -6.217084e-03 -5.984081e-01 9.767348e-03 9.343096e-03 9.999086e-01 2.016246e-01
9.456885e-01 3.248150e-01 -1.297671e-02 7.335142e+00 -3.249090e-01 9.457269e-01 -5.893471e-03 -9.404153e-01 1.035813e-02 9.789637e-03 9.998984e-01 1.753960e-01
9.297237e-01 3.680169e-01 -1.331586e-02 8.220286e+00 -3.681155e-01 9.297617e-01 -5.835330e-03 -1.346758e+00 1.023308e-02 1.032702e-02 9.998943e-01 1.813944e-01
9.110440e-01 4.121116e-01 -1.276315e-02 9.146791e+00 -4.122073e-01 9.110705e-01 -5.978359e-03 -1.665587e+00 9.164381e-03 1.070761e-02 9.999007e-01 2.041645e-01
8.908461e-01 4.541343e-01 -1.245825e-02 1.001508e+01 -4.542285e-01 8.908647e-01 -6.054403e-03 -2.227535e+00 8.349104e-03 1.105243e-02 9.999041e-01 2.272847e-01
8.685300e-01 4.954604e-01 -1.321102e-02 1.084594e+01 -4.955678e-01 8.685449e-01 -6.503571e-03 -2.783675e+00 8.252103e-03 1.219550e-02 9.998916e-01 2.273541e-01
8.445451e-01 5.352874e-01 -1.452399e-02 1.178565e+01 -5.354281e-01 8.445389e-01 -8.408288e-03 -3.240744e+00 7.765223e-03 1.487773e-02 9.998592e-01 2.693435e-01
8.178900e-01 5.751565e-01 -1.584336e-02 1.256398e+01 -5.753202e-01 8.178814e-01 -8.760736e-03 -3.755649e+00 7.919195e-03 1.628032e-02 9.998361e-01 2.974874e-01
7.907341e-01 6.118754e-01 -1.865830e-02 1.332334e+01 -6.121059e-01 7.907016e-01 -1.083143e-02 -4.265084e+00 8.125666e-03 1.998564e-02 9.997672e-01 2.826681e-01
7.615441e-01 6.478495e-01 -1.848149e-02 1.401047e+01 -6.480705e-01 7.615113e-01 -1.025672e-02 -4.886982e+00 7.429057e-03 1.978825e-02 9.997766e-01 3.264565e-01
7.297387e-01 6.834401e-01 -1.977651e-02 1.476008e+01 -6.836866e-01 7.297023e-01 -1.035445e-02 -5.642532e+00 7.354321e-03 2.107698e-02 9.997508e-01 3.335042e-01
6.961861e-01 7.174532e-01 -2.420316e-02 1.549583e+01 -7.178003e-01 6.961707e-01 -1.044080e-02 -6.219751e+00 9.358746e-03 2.464178e-02 9.996525e-01 3.420758e-01
6.617846e-01 7.492826e-01 -2.483307e-02 1.614001e+01 -7.496440e-01 6.617599e-01 -1.037688e-02 -6.920043e+00 8.658312e-03 2.548323e-02 9.996378e-01 3.845106e-01
6.265774e-01 7.788383e-01 -2.848857e-02 1.673218e+01 -7.792904e-01 6.265891e-01 -9.623497e-03 -7.738732e+00 1.035548e-02 2.823073e-02 9.995478e-01 3.933647e-01
5.912868e-01 8.057952e-01 -3.277184e-02 1.722245e+01 -8.063646e-01 5.913571e-01 -8.544926e-03 -8.442115e+00 1.249440e-02 3.147855e-02 9.994263e-01 4.282049e-01
5.539857e-01 8.317916e-01 -3.496469e-02 1.781193e+01 -8.324320e-01 5.540660e-01 -8.235189e-03 -9.046485e+00 1.252279e-02 3.366790e-02 9.993546e-01 4.481840e-01
5.171054e-01 8.550568e-01 -3.847048e-02 1.832308e+01 -8.558430e-01 5.171448e-01 -9.691927e-03 -9.963571e+00 1.160766e-02 3.793644e-02 9.992127e-01 4.244022e-01
4.802399e-01 8.761637e-01 -4.131401e-02 1.873163e+01 -8.770798e-01 4.802141e-01 -1.119810e-02 -1.095017e+01 1.002820e-02 4.161346e-02 9.990835e-01 4.778426e-01
4.461216e-01 8.939210e-01 -4.336761e-02 1.919105e+01 -8.949194e-01 4.460982e-01 -1.075481e-02 -1.180589e+01 9.732263e-03 4.360847e-02 9.990013e-01 5.124307e-01
4.135903e-01 9.094141e-01 -4.369335e-02 1.968835e+01 -9.104247e-01 4.135372e-01 -1.067179e-02 -1.272689e+01 8.363754e-03 4.419325e-02 9.989880e-01 5.285656e-01
3.822087e-01 9.230085e-01 -4.440422e-02 1.996675e+01 -9.240542e-01 3.820884e-01 -1.150212e-02 -1.357232e+01 6.349785e-03 4.542811e-02 9.989474e-01 5.146738e-01
3.501366e-01 9.356207e-01 -4.492616e-02 2.036458e+01 -9.366892e-01 3.499462e-01 -1.229223e-02 -1.451969e+01 4.220870e-03 4.638581e-02 9.989147e-01 5.432155e-01
3.181357e-01 9.470364e-01 -4.372337e-02 2.072701e+01 -9.480350e-01 3.180076e-01 -1.004121e-02 -1.553925e+01 4.394975e-03 4.464575e-02 9.989932e-01 6.008740e-01
2.865170e-01 9.570860e-01 -4.352543e-02 2.099990e+01 -9.580629e-01 2.864474e-01 -7.961179e-03 -1.643740e+01 4.848213e-03 4.398112e-02 9.990206e-01 5.460162e-01
2.559695e-01 9.656777e-01 -4.411536e-02 2.129140e+01 -9.666771e-01 2.558840e-01 -7.670131e-03 -1.737887e+01 3.881540e-03 4.460863e-02 9.989970e-01 5.524672e-01
2.262480e-01 9.729958e-01 -4.572828e-02 2.150058e+01 -9.740666e-01 2.261167e-01 -8.092134e-03 -1.831718e+01 2.466313e-03 4.637322e-02 9.989211e-01 5.757184e-01
1.957271e-01 9.796236e-01 -4.503835e-02 2.173927e+01 -9.806583e-01 1.955001e-01 -9.434501e-03 -1.929191e+01 -4.372599e-04 4.601382e-02 9.989407e-01 6.162852e-01
1.677288e-01 9.847539e-01 -4.611751e-02 2.195295e+01 -9.858325e-01 1.674891e-01 -9.039679e-03 -2.049847e+01 -1.177678e-03 4.698036e-02 9.988951e-01 5.752276e-01
1.400269e-01 9.890328e-01 -4.697445e-02 2.212222e+01 -9.901454e-01 1.397654e-01 -8.821396e-03 -2.155678e+01 -2.159247e-03 4.774677e-02 9.988571e-01 5.714306e-01
1.157974e-01 9.919578e-01 -5.109571e-02 2.220008e+01 -9.932672e-01 1.154697e-01 -9.329923e-03 -2.260338e+01 -3.354886e-03 5.183207e-02 9.986502e-01 5.661961e-01
9.292897e-02 9.940979e-01 -5.597778e-02 2.229755e+01 -9.956639e-01 9.254464e-02 -9.424915e-03 -2.370415e+01 -4.188845e-03 5.661091e-02 9.983875e-01 5.838502e-01
7.119521e-02 9.955877e-01 -6.112558e-02 2.238012e+01 -9.974430e-01 7.067756e-02 -1.059218e-02 -2.483395e+01 -6.225238e-03 6.172339e-02 9.980739e-01 5.736337e-01
5.360911e-02 9.963810e-01 -6.596225e-02 2.241386e+01 -9.985323e-01 5.298129e-02 -1.123190e-02 -2.592057e+01 -7.696482e-03 6.646757e-02 9.977589e-01 5.737822e-01
3.758297e-02 9.969311e-01 -6.867240e-02 2.249708e+01 -9.992531e-01 3.687441e-02 -1.155709e-02 -2.705884e+01 -8.989373e-03 6.905546e-02 9.975723e-01 5.675744e-01
2.373756e-02 9.971715e-01 -7.131248e-02 2.253877e+01 -9.996642e-01 2.293394e-02 -1.206677e-02 -2.826131e+01 -1.039716e-02 7.157497e-02 9.973810e-01 5.653775e-01
1.087170e-02 9.973649e-01 -7.172911e-02 2.256555e+01 -9.998589e-01 9.924308e-03 -1.355118e-02 -2.937439e+01 -1.280361e-02 7.186631e-02 9.973321e-01 5.719182e-01
-1.763733e-03 9.973002e-01 -7.341088e-02 2.252091e+01 -9.999034e-01 -2.770698e-03 -1.361726e-02 -3.049810e+01 -1.378390e-02 7.337977e-02 9.972088e-01 5.589533e-01
-1.402343e-02 9.972278e-01 -7.307542e-02 2.250358e+01 -9.998189e-01 -1.492525e-02 -1.180949e-02 -3.163310e+01 -1.286742e-02 7.289657e-02 9.972565e-01 5.432002e-01
-2.424300e-02 9.970114e-01 -7.335262e-02 2.246044e+01 -9.996549e-01 -2.491888e-02 -8.312850e-03 -3.292424e+01 -1.011587e-02 7.312577e-02 9.972714e-01 5.202068e-01
-3.234950e-02 9.967689e-01 -7.352049e-02 2.242816e+01 -9.994432e-01 -3.286240e-02 -5.776995e-03 -3.410850e+01 -8.174388e-03 7.329267e-02 9.972770e-01 5.260272e-01
-4.190494e-02 9.963932e-01 -7.378716e-02 2.247163e+01 -9.990885e-01 -4.238990e-02 -5.017985e-03 -3.525016e+01 -8.127716e-03 7.350963e-02 9.972614e-01 4.994433e-01
-4.716721e-02 9.961867e-01 -7.339804e-02 2.234384e+01 -9.988574e-01 -4.760416e-02 -4.214229e-03 -3.656283e+01 -7.692211e-03 7.311540e-02 9.972938e-01 4.847532e-01
-5.146307e-02 9.958985e-01 -7.441635e-02 2.224764e+01 -9.986531e-01 -5.181077e-02 -2.748148e-03 -3.784681e+01 -6.592444e-03 7.417469e-02 9.972235e-01 4.710998e-01
-5.661780e-02 9.956788e-01 -7.360810e-02 2.228770e+01 -9.983820e-01 -5.685241e-02 -1.094366e-03 -3.919903e+01 -5.274435e-03 7.342704e-02 9.972866e-01 4.781300e-01
-6.082556e-02 9.955047e-01 -7.259949e-02 2.215742e+01 -9.981386e-01 -6.098640e-02 1.323801e-06 -4.041210e+01 -4.426263e-03 7.246443e-02 9.973612e-01 4.721324e-01
-6.367467e-02 9.952908e-01 -7.308799e-02 2.209458e+01 -9.979538e-01 -6.392915e-02 -1.145266e-03 -4.176550e+01 -5.812325e-03 7.286551e-02 9.973248e-01 4.623807e-01
-6.763357e-02 9.949152e-01 -7.462893e-02 2.201967e+01 -9.976803e-01 -6.802186e-02 -2.670650e-03 -4.309116e+01 -7.733469e-03 7.427519e-02 9.972078e-01 4.765939e-01
-6.611076e-02 9.949162e-01 -7.596771e-02 2.183439e+01 -9.977732e-01 -6.659049e-02 -3.796549e-03 -4.461698e+01 -8.835976e-03 7.554755e-02 9.971031e-01 4.413191e-01
-7.043943e-02 9.945817e-01 -7.645580e-02 2.180516e+01 -9.974746e-01 -7.092827e-02 -3.693784e-03 -4.593191e+01 -9.096648e-03 7.600253e-02 9.970661e-01 4.376455e-01
-7.163778e-02 9.944377e-01 -7.721146e-02 2.166508e+01 -9.973916e-01 -7.210557e-02 -3.284234e-03 -4.737354e+01 -8.833342e-03 7.677479e-02 9.970093e-01 4.051644e-01
-7.130018e-02 9.944173e-01 -7.778474e-02 2.154572e+01 -9.974236e-01 -7.169904e-02 -2.343466e-03 -4.882069e+01 -7.907474e-03 7.741725e-02 9.969674e-01 4.185486e-01
-7.041968e-02 9.944333e-01 -7.838027e-02 2.144561e+01 -9.974918e-01 -7.076330e-02 -1.611664e-03 -5.016731e+01 -7.149139e-03 7.807019e-02 9.969222e-01 4.106163e-01
-7.124064e-02 9.943800e-01 -7.831515e-02 2.141697e+01 -9.974393e-01 -7.151495e-02 -6.999222e-04 -5.184025e+01 -6.296693e-03 7.806475e-02 9.969284e-01 3.957481e-01
-6.929910e-02 9.946147e-01 -7.706652e-02 2.128203e+01 -9.975761e-01 -6.957738e-02 -9.284558e-04 -5.318022e+01 -6.285542e-03 7.681538e-02 9.970255e-01 3.849029e-01
-6.785455e-02 9.947063e-01 -7.716980e-02 2.118312e+01 -9.976727e-01 -6.817003e-02 -1.458159e-03 -5.475284e+01 -6.711107e-03 7.689126e-02 9.970169e-01 3.676378e-01
-6.739336e-02 9.946424e-01 -7.838832e-02 2.109241e+01 -9.977070e-01 -6.767434e-02 -9.304308e-04 -5.641915e+01 -6.230323e-03 7.814587e-02 9.969225e-01 3.659390e-01
-6.749135e-02 9.947004e-01 -7.756360e-02 2.099625e+01 -9.977028e-01 -6.774026e-02 -5.794379e-04 -5.792686e+01 -5.830546e-03 7.734632e-02 9.969872e-01 3.418575e-01
-6.668659e-02 9.946481e-01 -7.891750e-02 2.087601e+01 -9.977614e-01 -6.687403e-02 2.683039e-04 -5.949821e+01 -5.010663e-03 7.875873e-02 9.968811e-01 3.228942e-01
-6.568031e-02 9.948718e-01 -7.691712e-02 2.081273e+01 -9.978275e-01 -6.588059e-02 -6.658698e-05 -6.110882e+01 -5.133591e-03 7.674565e-02 9.970375e-01 3.293954e-01
-6.276938e-02 9.950432e-01 -7.713009e-02 2.062785e+01 -9.980104e-01 -6.304033e-02 -1.080763e-03 -6.285418e+01 -5.937712e-03 7.690879e-02 9.970205e-01 3.038304e-01
-6.179283e-02 9.947391e-01 -8.170556e-02 2.059439e+01 -9.980592e-01 -6.221589e-02 -2.639622e-03 -6.439059e+01 -7.709120e-03 8.138388e-02 9.966530e-01 3.272060e-01
-5.966519e-02 9.945779e-01 -8.517535e-02 2.037321e+01 -9.981888e-01 -6.010355e-02 -2.589240e-03 -6.606756e+01 -7.694542e-03 8.486659e-02 9.963626e-01 3.053482e-01
-6.104814e-02 9.944588e-01 -8.558486e-02 2.036566e+01 -9.981148e-01 -6.136526e-02 -1.076964e-03 -6.771315e+01 -6.322933e-03 8.535776e-02 9.963303e-01 3.215388e-01
-5.980995e-02 9.947479e-01 -8.306201e-02 2.025967e+01 -9.981928e-01 -6.008691e-02 -8.363395e-04 -6.946804e+01 -5.822887e-03 8.286188e-02 9.965440e-01 3.136151e-01
-6.062203e-02 9.945961e-01 -8.428225e-02 2.015375e+01 -9.981404e-01 -6.094442e-02 -1.255143e-03 -7.108771e+01 -6.384893e-03 8.404943e-02 9.964411e-01 3.282785e-01
-5.937546e-02 9.945058e-01 -8.621390e-02 2.006230e+01 -9.982106e-01 -5.976528e-02 -1.945263e-03 -7.294303e+01 -7.087174e-03 8.594413e-02 9.962748e-01 3.030518e-01
-6.118884e-02 9.943288e-01 -8.698335e-02 1.997021e+01 -9.980958e-01 -6.163482e-02 -2.448275e-03 -7.464345e+01 -7.795594e-03 8.666791e-02 9.962068e-01 2.974888e-01
-6.121212e-02 9.941725e-01 -8.873628e-02 1.986831e+01 -9.980938e-01 -6.166805e-02 -2.403108e-03 -7.643575e+01 -7.861297e-03 8.842003e-02 9.960523e-01 2.683239e-01
-6.225243e-02 9.942710e-01 -8.688917e-02 1.971887e+01 -9.980330e-01 -6.265947e-02 -1.962500e-03 -7.806895e+01 -7.395686e-03 8.659609e-02 9.962161e-01 2.756711e-01
-6.280594e-02 9.943416e-01 -8.567465e-02 1.963304e+01 -9.980087e-01 -6.307541e-02 -4.391699e-04 -7.993780e+01 -5.840648e-03 8.547647e-02 9.963231e-01 2.612970e-01
-6.272155e-02 9.942899e-01 -8.633465e-02 1.954246e+01 -9.980163e-01 -6.295611e-02 5.966165e-06 -8.180373e+01 -5.429362e-03 8.616377e-02 9.962662e-01 2.480804e-01
-6.363606e-02 9.941854e-01 -8.686682e-02 1.945484e+01 -9.979603e-01 -6.383588e-02 4.785225e-04 -8.359354e+01 -5.069479e-03 8.672008e-02 9.962198e-01 2.677896e-01
-6.613695e-02 9.943252e-01 -8.332673e-02 1.941672e+01 -9.977930e-01 -6.639994e-02 -3.857820e-04 -8.530121e+01 -5.916482e-03 8.311732e-02 9.965222e-01 2.467623e-01
-6.560369e-02 9.943563e-01 -8.337718e-02 1.922696e+01 -9.978283e-01 -6.586757e-02 -4.151993e-04 -8.713182e+01 -5.904709e-03 8.316887e-02 9.965180e-01 2.457126e-01
-6.603283e-02 9.944138e-01 -8.234566e-02 1.911107e+01 -9.977942e-01 -6.636947e-02 -1.354589e-03 -8.905880e+01 -6.812260e-03 8.207458e-02 9.966029e-01 2.538178e-01
-6.679341e-02 9.944177e-01 -8.168283e-02 1.895390e+01 -9.977498e-01 -6.704667e-02 -3.585711e-04 -9.103760e+01 -5.833131e-03 8.147508e-02 9.966583e-01 2.330535e-01
-6.914494e-02 9.942772e-01 -8.143575e-02 1.885013e+01 -9.975916e-01 -6.936079e-02 1.787167e-04 -9.286029e+01 -5.470754e-03 8.125198e-02 9.966786e-01 2.067240e-01
-7.451905e-02 9.939462e-01 -8.073272e-02 1.878416e+01 -9.972050e-01 -7.471111e-02 6.434452e-04 -9.473739e+01 -5.392081e-03 8.055502e-02 9.967356e-01 2.208815e-01
-7.860345e-02 9.935773e-01 -8.139791e-02 1.865612e+01 -9.968912e-01 -7.878362e-02 1.000931e-03 -9.663880e+01 -5.418319e-03 8.122354e-02 9.966812e-01 2.240768e-01
-8.402531e-02 9.932361e-01 -8.013609e-02 1.846302e+01 -9.964429e-01 -8.427036e-02 3.251706e-04 -9.846617e+01 -6.430126e-03 7.987836e-02 9.967839e-01 2.008668e-01
-8.975003e-02 9.928607e-01 -7.856621e-02 1.833156e+01 -9.959440e-01 -8.997272e-02 7.080612e-04 -1.004314e+02 -6.365810e-03 7.831109e-02 9.969086e-01 1.921811e-01
-9.338773e-02 9.925239e-01 -7.858194e-02 1.818002e+01 -9.956174e-01 -9.348975e-02 2.387795e-03 -1.023793e+02 -4.976663e-03 7.846054e-02 9.969048e-01 1.872863e-01
-9.742895e-02 9.921971e-01 -7.779727e-02 1.800160e+01 -9.952384e-01 -9.735317e-02 4.775225e-03 -1.043928e+02 -2.835846e-03 7.789208e-02 9.969578e-01 2.144392e-01
-1.026531e-01 9.917166e-01 -7.720493e-02 1.780528e+01 -9.947125e-01 -1.025815e-01 4.903534e-03 -1.063486e+02 -3.056879e-03 7.730007e-02 9.970032e-01 1.758644e-01
-1.089984e-01 9.911760e-01 -7.542933e-02 1.762995e+01 -9.940360e-01 -1.089459e-01 4.822520e-03 -1.082912e+02 -3.437750e-03 7.550511e-02 9.971395e-01 1.995745e-01
-1.141052e-01 9.906080e-01 -7.533835e-02 1.732941e+01 -9.934608e-01 -1.140768e-01 4.694846e-03 -1.102940e+02 -3.943604e-03 7.538141e-02 9.971470e-01 1.764997e-01
-1.218879e-01 9.896702e-01 -7.547294e-02 1.718896e+01 -9.925326e-01 -1.218963e-01 4.511735e-03 -1.122166e+02 -4.734745e-03 7.545928e-02 9.971376e-01 1.906976e-01
-1.246510e-01 9.894221e-01 -7.420226e-02 1.691462e+01 -9.921858e-01 -1.247096e-01 3.861147e-03 -1.142289e+02 -5.433433e-03 7.410372e-02 9.972357e-01 1.863772e-01
-1.307700e-01 9.886732e-01 -7.365090e-02 1.670074e+01 -9.914011e-01 -1.307671e-01 4.881330e-03 -1.163456e+02 -4.805076e-03 7.365591e-02 9.972721e-01 1.833014e-01
-1.368392e-01 9.877527e-01 -7.496397e-02 1.644348e+01 -9.905855e-01 -1.367453e-01 6.407534e-03 -1.182801e+02 -3.921912e-03 7.513503e-02 9.971657e-01 1.863546e-01
-1.432059e-01 9.869661e-01 -7.341658e-02 1.615788e+01 -9.896807e-01 -1.431775e-01 5.677896e-03 -1.202577e+02 -4.907710e-03 7.347208e-02 9.972852e-01 2.145558e-01
-1.499073e-01 9.858566e-01 -7.493049e-02 1.583903e+01 -9.886874e-01 -1.498585e-01 6.305775e-03 -1.223227e+02 -5.012378e-03 7.502811e-02 9.971688e-01 1.767033e-01
-1.534170e-01 9.854553e-01 -7.308334e-02 1.552958e+01 -9.881532e-01 -1.533003e-01 7.237146e-03 -1.243800e+02 -4.071812e-03 7.332784e-02 9.972996e-01 1.887438e-01
-1.596698e-01 9.844533e-01 -7.319364e-02 1.525393e+01 -9.871598e-01 -1.595738e-01 7.195911e-03 -1.264169e+02 -4.595749e-03 7.340279e-02 9.972918e-01 1.901207e-01
-1.634814e-01 9.837269e-01 -7.453313e-02 1.494822e+01 -9.865338e-01 -1.633942e-01 7.308116e-03 -1.285189e+02 -4.989090e-03 7.472420e-02 9.971918e-01 1.941772e-01
-1.671385e-01 9.830035e-01 -7.595251e-02 1.458378e+01 -9.859099e-01 -1.671704e-01 5.982732e-03 -1.305536e+02 -6.815961e-03 7.588227e-02 9.970935e-01 2.001023e-01
-1.713076e-01 9.822123e-01 -7.689454e-02 1.422815e+01 -9.851949e-01 -1.713108e-01 6.603488e-03 -1.325960e+02 -6.686837e-03 7.688733e-02 9.970174e-01 2.059101e-01
-1.753015e-01 9.815585e-01 -7.623908e-02 1.387971e+01 -9.844902e-01 -1.753180e-01 6.529142e-03 -1.345566e+02 -6.957346e-03 7.620120e-02 9.970682e-01 1.983207e-01
-1.779973e-01 9.811092e-01 -7.577422e-02 1.350873e+01 -9.840062e-01 -1.780111e-01 6.626299e-03 -1.366806e+02 -6.987529e-03 7.574177e-02 9.971030e-01 1.935428e-01
-1.818883e-01 9.805570e-01 -7.365228e-02 1.310792e+01 -9.832992e-01 -1.818516e-01 7.259420e-03 -1.388306e+02 -6.275513e-03 7.374263e-02 9.972576e-01 1.954126e-01
-1.876562e-01 9.796084e-01 -7.178131e-02 1.279047e+01 -9.822149e-01 -1.876158e-01 7.365078e-03 -1.410180e+02 -6.252417e-03 7.188677e-02 9.973932e-01 1.976490e-01
-1.914473e-01 9.788239e-01 -7.246798e-02 1.239971e+01 -9.814806e-01 -1.914176e-01 7.420615e-03 -1.430612e+02 -6.608169e-03 7.254658e-02 9.973431e-01 1.862235e-01
-1.965235e-01 9.778299e-01 -7.229898e-02 1.192588e+01 -9.804785e-01 -1.964624e-01 8.024864e-03 -1.451184e+02 -6.357081e-03 7.246468e-02 9.973507e-01 1.816081e-01
-2.018553e-01 9.767767e-01 -7.184571e-02 1.158482e+01 -9.793955e-01 -2.017750e-01 8.450054e-03 -1.472460e+02 -6.242850e-03 7.207105e-02 9.973800e-01 1.942256e-01
-2.053723e-01 9.760857e-01 -7.126705e-02 1.107883e+01 -9.786657e-01 -2.052679e-01 8.864294e-03 -1.494157e+02 -5.976529e-03 7.156709e-02 9.974179e-01 1.897266e-01
-2.095349e-01 9.752264e-01 -7.091313e-02 1.069398e+01 -9.777770e-01 -2.094876e-01 8.187374e-03 -1.515432e+02 -6.870874e-03 7.105277e-02 9.974489e-01 1.871146e-01
-2.141667e-01 9.742477e-01 -7.052693e-02 1.025751e+01 -9.767708e-01 -2.141320e-01 8.140575e-03 -1.536269e+02 -7.171138e-03 7.063209e-02 9.974767e-01 1.745788e-01
-2.178987e-01 9.732778e-01 -7.246038e-02 9.780712e+00 -9.759439e-01 -2.178485e-01 8.692543e-03 -1.558122e+02 -7.325125e-03 7.261136e-02 9.973334e-01 1.628806e-01
-2.215910e-01 9.724601e-01 -7.224143e-02 9.272307e+00 -9.751161e-01 -2.214924e-01 9.475026e-03 -1.580373e+02 -6.786840e-03 7.254336e-02 9.973422e-01 1.584194e-01
-2.249647e-01 9.716314e-01 -7.296125e-02 8.814756e+00 -9.743524e-01 -2.247388e-01 1.139773e-02 -1.601798e+02 -5.322829e-03 7.365405e-02 9.972696e-01 1.575245e-01
-2.299815e-01 9.704024e-01 -7.367311e-02 8.330141e+00 -9.731826e-01 -2.297002e-01 1.238389e-02 -1.623363e+02 -4.905371e-03 7.454545e-02 9.972056e-01 1.430560e-01
-2.319029e-01 9.700272e-01 -7.258299e-02 7.793961e+00 -9.727303e-01 -2.315688e-01 1.310237e-02 -1.644957e+02 -4.098304e-03 7.364215e-02 9.972763e-01 1.616765e-01
-2.350483e-01 9.692765e-01 -7.249337e-02 7.277843e+00 -9.719741e-01 -2.347219e-01 1.311098e-02 -1.666621e+02 -4.307622e-03 7.354339e-02 9.972827e-01 1.587248e-01
-2.399911e-01 9.681238e-01 -7.169760e-02 6.789951e+00 -9.707632e-01 -2.396980e-01 1.279227e-02 -1.688091e+02 -4.801268e-03 7.267142e-02 9.973444e-01 1.600930e-01
-2.437642e-01 9.670556e-01 -7.336491e-02 6.310369e+00 -9.698212e-01 -2.434588e-01 1.321530e-02 -1.710761e+02 -5.081404e-03 7.437226e-02 9.972176e-01 1.518051e-01
-2.469923e-01 9.661157e-01 -7.493522e-02 5.665627e+00 -9.690023e-01 -2.466815e-01 1.352195e-02 -1.732331e+02 -5.421362e-03 7.595222e-02 9.970967e-01 1.578555e-01
-2.496222e-01 9.653222e-01 -7.643157e-02 5.116116e+00 -9.683245e-01 -2.493306e-01 1.348822e-02 -1.754453e+02 -6.036246e-03 7.737752e-02 9.969836e-01 1.505285e-01
-2.533995e-01 9.643212e-01 -7.663776e-02 4.583778e+00 -9.673360e-01 -2.531745e-01 1.279934e-02 -1.776309e+02 -7.060047e-03 7.737780e-02 9.969768e-01 1.493683e-01
-2.564344e-01 9.635366e-01 -7.641114e-02 3.956094e+00 -9.665396e-01 -2.561603e-01 1.353342e-02 -1.797655e+02 -6.533560e-03 7.732482e-02 9.969845e-01 1.442928e-01
-2.589248e-01 9.631453e-01 -7.286272e-02 3.342498e+00 -9.658860e-01 -2.585514e-01 1.467481e-02 -1.821674e+02 -4.704787e-03 7.417676e-02 9.972340e-01 1.324722e-01
-2.632412e-01 9.619897e-01 -7.266308e-02 2.823220e+00 -9.647250e-01 -2.627349e-01 1.661293e-02 -1.842957e+02 -3.109660e-03 7.447310e-02 9.972182e-01 1.392065e-01
-2.650290e-01 9.615339e-01 -7.219608e-02 2.249211e+00 -9.642375e-01 -2.644680e-01 1.739670e-02 -1.865949e+02 -2.366040e-03 7.422480e-02 9.972387e-01 1.629236e-01
-2.692739e-01 9.605408e-01 -6.966341e-02 1.622917e+00 -9.630633e-01 -2.686316e-01 1.860698e-02 -1.887734e+02 -8.410259e-04 7.210064e-02 9.973970e-01 1.556182e-01
-2.736408e-01 9.592585e-01 -7.031283e-02 1.007220e+00 -9.618314e-01 -2.729839e-01 1.897452e-02 -1.909581e+02 -9.928009e-04 7.282129e-02 9.973445e-01 1.689503e-01
-2.766138e-01 9.584957e-01 -6.907177e-02 3.570778e-01 -9.609801e-01 -2.760060e-01 1.838361e-02 -1.933198e+02 -1.443608e-03 7.146176e-02 9.974423e-01 1.698203e-01
-2.805041e-01 9.573522e-01 -6.924107e-02 -2.948291e-01 -9.598487e-01 -2.799848e-01 1.729374e-02 -1.955581e+02 -2.830243e-03 7.131192e-02 9.974500e-01 1.866565e-01
-2.847292e-01 9.560270e-01 -7.029624e-02 -9.151101e-01 -9.586034e-01 -2.841883e-01 1.779250e-02 -1.978459e+02 -2.967259e-03 7.245226e-02 9.973675e-01 1.932136e-01
-2.888284e-01 9.547903e-01 -7.038234e-02 -1.564020e+00 -9.573759e-01 -2.882825e-01 1.801526e-02 -2.000329e+02 -3.089203e-03 7.258568e-02 9.973574e-01 1.989225e-01
-2.916350e-01 9.540660e-01 -6.860868e-02 -2.308651e+00 -9.565271e-01 -2.910496e-01 1.860121e-02 -2.023501e+02 -2.221752e-03 7.105083e-02 9.974702e-01 2.009511e-01
-2.964467e-01 9.526436e-01 -6.774648e-02 -2.977314e+00 -9.550461e-01 -2.958861e-01 1.839572e-02 -2.045620e+02 -2.520675e-03 7.015436e-02 9.975330e-01 2.055913e-01
-2.987814e-01 9.517852e-01 -6.953131e-02 -3.623316e+00 -9.543178e-01 -2.981914e-01 1.895888e-02 -2.068556e+02 -2.688860e-03 7.201953e-02 9.973996e-01 2.195161e-01
-3.005654e-01 9.510926e-01 -7.129764e-02 -4.384391e+00 -9.537575e-01 -2.999306e-01 1.970300e-02 -2.091734e+02 -2.644970e-03 7.392270e-02 9.972605e-01 2.410557e-01
-3.057770e-01 9.493993e-01 -7.170314e-02 -5.035812e+00 -9.520950e-01 -3.052187e-01 1.888790e-02 -2.114528e+02 -3.952973e-03 7.404368e-02 9.972472e-01 2.377198e-01
-3.069810e-01 9.488875e-01 -7.331616e-02 -5.772490e+00 -9.517075e-01 -3.063858e-01 1.950980e-02 -2.136597e+02 -3.950423e-03 7.576467e-02 9.971179e-01 2.395463e-01
-3.086719e-01 9.483299e-01 -7.343069e-02 -6.534105e+00 -9.511606e-01 -3.080646e-01 1.974194e-02 -2.158974e+02 -3.899531e-03 7.593816e-02 9.971049e-01 2.651386e-01
-3.126080e-01 9.470502e-01 -7.329451e-02 -7.213238e+00 -9.498751e-01 -3.119732e-01 2.025066e-02 -2.181971e+02 -3.687528e-03 7.595115e-02 9.971047e-01 2.570080e-01
-3.164637e-01 9.459214e-01 -7.129854e-02 -8.020433e+00 -9.486018e-01 -3.157492e-01 2.137667e-02 -2.205247e+02 -2.291805e-03 7.439887e-02 9.972259e-01 2.589980e-01
-3.192987e-01 9.449618e-01 -7.138329e-02 -8.714235e+00 -9.476532e-01 -3.184959e-01 2.266558e-02 -2.228463e+02 -1.317185e-03 7.488370e-02 9.971914e-01 2.732976e-01
-3.220358e-01 9.442449e-01 -6.851640e-02 -9.513086e+00 -9.467274e-01 -3.212227e-01 2.287429e-02 -2.251012e+02 -4.100893e-04 7.223270e-02 9.973877e-01 3.029003e-01
-3.236696e-01 9.436012e-01 -6.967558e-02 -1.021371e+01 -9.461702e-01 -3.227836e-01 2.393294e-02 -2.272993e+02 9.302399e-05 7.367132e-02 9.972826e-01 3.023588e-01
-3.273438e-01 9.423074e-01 -7.002030e-02 -1.095087e+01 -9.449041e-01 -3.265620e-01 2.266149e-02 -2.296246e+02 -1.511882e-03 7.358057e-02 9.972881e-01 3.445273e-01
-3.299432e-01 9.413838e-01 -7.024289e-02 -1.182006e+01 -9.439976e-01 -3.292196e-01 2.197524e-02 -2.318091e+02 -2.438202e-03 7.355970e-02 9.972878e-01 3.353082e-01
-3.317231e-01 9.407514e-01 -7.033166e-02 -1.256047e+01 -9.433716e-01 -3.310469e-01 2.140281e-02 -2.341961e+02 -3.148350e-03 7.344870e-02 9.972940e-01 3.636390e-01
-3.355831e-01 9.394302e-01 -6.967737e-02 -1.335261e+01 -9.420070e-01 -3.348681e-01 2.205060e-02 -2.364827e+02 -2.617725e-03 7.303638e-02 9.973258e-01 3.756150e-01
-3.382550e-01 9.385887e-01 -6.807904e-02 -1.424532e+01 -9.410496e-01 -3.375997e-01 2.126095e-02 -2.386997e+02 -3.028184e-03 7.125738e-02 9.974534e-01 3.791127e-01
-3.412871e-01 9.375382e-01 -6.741863e-02 -1.493798e+01 -9.399528e-01 -3.406694e-01 2.081314e-02 -2.409825e+02 -3.454347e-03 7.047358e-02 9.975077e-01 3.884535e-01
-3.454795e-01 9.360571e-01 -6.664171e-02 -1.578684e+01 -9.384206e-01 -3.448519e-01 2.106771e-02 -2.432931e+02 -3.260945e-03 6.981642e-02 9.975545e-01 3.977731e-01
-3.486476e-01 9.349012e-01 -6.636741e-02 -1.662249e+01 -9.372477e-01 -3.480270e-01 2.106849e-02 -2.455854e+02 -3.400699e-03 6.954818e-02 9.975728e-01 4.063281e-01
-3.526114e-01 9.334767e-01 -6.547139e-02 -1.742577e+01 -9.357607e-01 -3.520531e-01 2.026201e-02 -2.477794e+02 -4.135287e-03 6.841017e-02 9.976487e-01 4.363241e-01
-3.569755e-01 9.319018e-01 -6.424565e-02 -1.826331e+01 -9.341049e-01 -3.564257e-01 2.021652e-02 -2.500022e+02 -4.058986e-03 6.722898e-02 9.977293e-01 4.157757e-01
-3.612407e-01 9.302738e-01 -6.399811e-02 -1.910602e+01 -9.324644e-01 -3.606734e-01 2.061107e-02 -2.523399e+02 -3.908479e-03 6.712151e-02 9.977372e-01 4.427709e-01
-3.647149e-01 9.289196e-01 -6.396378e-02 -1.997920e+01 -9.311110e-01 -3.641395e-01 2.085200e-02 -2.545410e+02 -3.921901e-03 6.716241e-02 9.977343e-01 4.430040e-01
-3.686663e-01 9.273340e-01 -6.431852e-02 -2.087010e+01 -9.295515e-01 -3.681052e-01 2.079960e-02 -2.567794e+02 -4.387811e-03 6.745549e-02 9.977126e-01 4.661429e-01
-3.727643e-01 9.258271e-01 -6.237748e-02 -2.176077e+01 -9.279164e-01 -3.722238e-01 2.050768e-02 -2.590709e+02 -4.231815e-03 6.552562e-02 9.978419e-01 4.830695e-01
-3.764347e-01 9.243160e-01 -6.274446e-02 -2.264959e+01 -9.264334e-01 -3.758772e-01 2.091606e-02 -2.612473e+02 -4.251167e-03 6.600210e-02 9.978104e-01 4.573939e-01
-3.798584e-01 9.229256e-01 -6.257758e-02 -2.354866e+01 -9.250348e-01 -3.792964e-01 2.109083e-02 -2.634681e+02 -4.270183e-03 6.589797e-02 9.978172e-01 4.629258e-01
-3.833618e-01 9.214208e-01 -6.338256e-02 -2.444323e+01 -9.235903e-01 -3.827385e-01 2.218328e-02 -2.657328e+02 -3.818812e-03 6.704374e-02 9.977427e-01 4.750824e-01
-3.868447e-01 9.197966e-01 -6.576839e-02 -2.541606e+01 -9.221397e-01 -3.860975e-01 2.423126e-02 -2.679187e+02 -3.105181e-03 7.002137e-02 9.975407e-01 5.134855e-01
-3.895754e-01 9.186180e-01 -6.612074e-02 -2.633243e+01 -9.209890e-01 -3.888179e-01 2.449246e-02 -2.701637e+02 -3.209715e-03 7.043814e-02 9.975110e-01 5.096358e-01
-3.935759e-01 9.168618e-01 -6.680092e-02 -2.733350e+01 -9.192901e-01 -3.926853e-01 2.653152e-02 -2.724865e+02 -1.905993e-03 7.185159e-02 9.974135e-01 4.986743e-01
-3.964341e-01 9.155277e-01 -6.818329e-02 -2.824550e+01 -9.180628e-01 -3.954035e-01 2.857917e-02 -2.746573e+02 -7.948894e-04 7.392631e-02 9.972634e-01 5.243795e-01
-3.988452e-01 9.144466e-01 -6.862847e-02 -2.922749e+01 -9.170180e-01 -3.977879e-01 2.903147e-02 -2.768406e+02 -7.518434e-04 7.451260e-02 9.972198e-01 5.101714e-01
-4.027483e-01 9.127859e-01 -6.793972e-02 -3.023474e+01 -9.153108e-01 -4.016352e-01 2.992160e-02 -2.792572e+02 2.502564e-05 7.423684e-02 9.972406e-01 5.466713e-01
-4.066834e-01 9.110401e-01 -6.793104e-02 -3.122290e+01 -9.135691e-01 -4.055462e-01 3.039203e-02 -2.815421e+02 1.391812e-04 7.441964e-02 9.972270e-01 5.408532e-01
-4.100113e-01 9.095191e-01 -6.830620e-02 -3.219872e+01 -9.120799e-01 -4.087785e-01 3.178622e-02 -2.837306e+02 9.880750e-04 7.533342e-02 9.971579e-01 5.397786e-01
-4.127129e-01 9.084345e-01 -6.644402e-02 -3.323576e+01 -9.108599e-01 -4.114926e-01 3.174900e-02 -2.860868e+02 1.500665e-03 7.362441e-02 9.972849e-01 5.603971e-01
-4.169406e-01 9.065454e-01 -6.584873e-02 -3.419000e+01 -9.089319e-01 -4.156978e-01 3.222055e-02 -2.882735e+02 1.836218e-03 7.328606e-02 9.973093e-01 5.473392e-01
-4.183049e-01 9.058086e-01 -6.731906e-02 -3.520759e+01 -9.083060e-01 -4.170655e-01 3.219556e-02 -2.906881e+02 1.086554e-03 7.461386e-02 9.972119e-01 5.667549e-01
-4.200963e-01 9.048807e-01 -6.862938e-02 -3.628370e+01 -9.074795e-01 -4.188673e-01 3.211184e-02 -2.928275e+02 3.107802e-04 7.576982e-02 9.971253e-01 5.775920e-01
-4.223991e-01 9.037558e-01 -6.931428e-02 -3.738044e+01 -9.064099e-01 -4.211911e-01 3.192383e-02 -2.952930e+02 -3.432132e-04 7.631175e-02 9.970839e-01 6.028818e-01
-4.257505e-01 9.021628e-01 -6.956204e-02 -3.840692e+01 -9.048402e-01 -4.245668e-01 3.173784e-02 -2.976152e+02 -9.010371e-04 7.645492e-02 9.970726e-01 5.983630e-01
-4.274989e-01 9.013521e-01 -6.934697e-02 -3.943795e+01 -9.040143e-01 -4.263798e-01 3.095764e-02 -2.998566e+02 -1.664405e-03 7.592501e-02 9.971121e-01 6.107185e-01
-4.300864e-01 8.999731e-01 -7.123216e-02 -4.061532e+01 -9.027850e-01 -4.289394e-01 3.146903e-02 -3.021841e+02 -2.232997e-03 7.784172e-02 9.969632e-01 6.103425e-01
-4.322532e-01 8.989996e-01 -7.040542e-02 -4.174733e+01 -9.017482e-01 -4.311650e-01 3.077095e-02 -3.045529e+02 -2.693286e-03 7.678880e-02 9.970437e-01 6.048809e-01
-4.343717e-01 8.979891e-01 -7.026246e-02 -4.285919e+01 -9.007310e-01 -4.332381e-01 3.143902e-02 -3.069184e+02 -2.208479e-03 7.694380e-02 9.970330e-01 6.007109e-01
-4.376991e-01 8.964406e-01 -6.938064e-02 -4.403257e+01 -8.991213e-01 -4.364449e-01 3.311665e-02 -3.092827e+02 -5.937148e-04 7.687674e-02 9.970404e-01 6.359879e-01
-4.412805e-01 8.948465e-01 -6.724074e-02 -4.511669e+01 -8.973692e-01 -4.400713e-01 3.264744e-02 -3.116583e+02 -3.762717e-04 7.474645e-02 9.972025e-01 6.444956e-01
-4.458260e-01 8.927439e-01 -6.517316e-02 -4.623128e+01 -8.951186e-01 -4.447539e-01 3.092950e-02 -3.139758e+02 -1.373898e-03 7.212688e-02 9.973945e-01 6.322263e-01
-4.507158e-01 8.904311e-01 -6.314918e-02 -4.746184e+01 -8.926637e-01 -4.497922e-01 2.895786e-02 -3.162977e+02 -2.619025e-03 6.942274e-02 9.975839e-01 6.347358e-01
-4.553045e-01 8.880382e-01 -6.392189e-02 -4.859565e+01 -8.903244e-01 -4.544871e-01 2.763970e-02 -3.186997e+02 -4.506565e-03 6.949569e-02 9.975721e-01 6.066382e-01
-4.602370e-01 8.854646e-01 -6.429973e-02 -4.979580e+01 -8.877797e-01 -4.594602e-01 2.726857e-02 -3.210472e+02 -5.397814e-03 6.963400e-02 9.975580e-01 6.056148e-01
-4.657492e-01 8.825193e-01 -6.509470e-02 -5.104447e+01 -8.849044e-01 -4.648700e-01 2.898564e-02 -3.235281e+02 -4.680189e-03 7.110263e-02 9.974580e-01 6.219920e-01
-4.686932e-01 8.808940e-01 -6.597356e-02 -5.229778e+01 -8.833454e-01 -4.678194e-01 2.908358e-02 -3.258969e+02 -5.244160e-03 7.190872e-02 9.973974e-01 5.987052e-01
-4.725663e-01 8.787922e-01 -6.637283e-02 -5.352830e+01 -8.812752e-01 -4.717198e-01 2.888638e-02 -3.281337e+02 -5.924259e-03 7.214346e-02 9.973767e-01 6.272908e-01
-4.768404e-01 8.763572e-01 -6.797948e-02 -5.474865e+01 -8.789524e-01 -4.761063e-01 2.766684e-02 -3.304969e+02 -8.119423e-03 7.294340e-02 9.973030e-01 6.104747e-01
-4.813224e-01 8.739675e-01 -6.715329e-02 -5.598330e+01 -8.764959e-01 -4.806815e-01 2.646344e-02 -3.329330e+02 -9.151154e-03 7.159703e-02 9.973917e-01 6.160634e-01
-4.854043e-01 8.716725e-01 -6.760014e-02 -5.729345e+01 -8.742351e-01 -4.847860e-01 2.637339e-02 -3.353871e+02 -9.782634e-03 7.190017e-02 9.973639e-01 6.023921e-01
-4.895815e-01 8.693744e-01 -6.706714e-02 -5.856453e+01 -8.718926e-01 -4.890334e-01 2.548816e-02 -3.376537e+02 -1.063931e-02 7.095388e-02 9.974229e-01 5.962068e-01
-4.931517e-01 8.673552e-01 -6.705483e-02 -5.989850e+01 -8.698738e-01 -4.926196e-01 2.540543e-02 -3.400439e+02 -1.099699e-02 7.085798e-02 9.974258e-01 5.924891e-01
-4.984364e-01 8.642330e-01 -6.828222e-02 -6.117948e+01 -8.668355e-01 -4.979755e-01 2.483050e-02 -3.423681e+02 -1.254354e-02 7.156587e-02 9.973570e-01 5.909545e-01
-5.022314e-01 8.619612e-01 -6.918489e-02 -6.252023e+01 -8.646257e-01 -5.018209e-01 2.445723e-02 -3.446712e+02 -1.363724e-02 7.210223e-02 9.973040e-01 5.724579e-01
-5.056239e-01 8.600993e-01 -6.762912e-02 -6.381714e+01 -8.626340e-01 -5.053056e-01 2.299726e-02 -3.469728e+02 -1.439345e-02 6.996714e-02 9.974455e-01 5.563631e-01
-5.077041e-01 8.588523e-01 -6.789124e-02 -6.515490e+01 -8.613908e-01 -5.074669e-01 2.198347e-02 -3.492879e+02 -1.557201e-02 6.964199e-02 9.974505e-01 5.236333e-01
-5.112111e-01 8.567374e-01 -6.829482e-02 -6.664189e+01 -8.593011e-01 -5.110077e-01 2.174117e-02 -3.517342e+02 -1.627271e-02 6.980014e-02 9.974283e-01 4.981834e-01
-5.143384e-01 8.551362e-01 -6.479226e-02 -6.800862e+01 -8.574516e-01 -5.141313e-01 2.111308e-02 -3.541291e+02 -1.525717e-02 6.641550e-02 9.976754e-01 4.820085e-01
-5.179588e-01 8.533129e-01 -5.979821e-02 -6.930459e+01 -8.552926e-01 -5.177594e-01 1.999283e-02 -3.563435e+02 -1.390095e-02 6.150043e-02 9.980103e-01 4.597954e-01
-5.209533e-01 8.518229e-01 -5.482239e-02 -7.069234e+01 -8.534518e-01 -5.209318e-01 1.581259e-02 -3.587340e+02 -1.508920e-02 5.502589e-02 9.983709e-01 4.343423e-01
-5.241990e-01 8.496363e-01 -5.773627e-02 -7.210236e+01 -8.514314e-01 -5.242241e-01 1.592744e-02 -3.610194e+02 -1.673422e-02 5.750762e-02 9.982048e-01 3.929416e-01
-5.273864e-01 8.475101e-01 -5.991853e-02 -7.349005e+01 -8.494575e-01 -5.273718e-01 1.734718e-02 -3.632834e+02 -1.689743e-02 6.004691e-02 9.980525e-01 3.811236e-01
-5.304641e-01 8.457917e-01 -5.695853e-02 -7.496117e+01 -8.475286e-01 -5.305335e-01 1.514667e-02 -3.656457e+02 -1.740748e-02 5.630875e-02 9.982616e-01 3.619205e-01
-5.344378e-01 8.433667e-01 -5.575724e-02 -7.637926e+01 -8.449866e-01 -5.346431e-01 1.242103e-02 -3.679748e+02 -1.933474e-02 5.375239e-02 9.983671e-01 3.238873e-01
-5.374016e-01 8.415168e-01 -5.521704e-02 -7.788515e+01 -8.430629e-01 -5.377177e-01 1.022936e-02 -3.703597e+02 -2.108300e-02 5.204871e-02 9.984220e-01 2.870123e-01
-5.403759e-01 8.396545e-01 -5.453597e-02 -7.928440e+01 -8.411561e-01 -5.407028e-01 9.846097e-03 -3.725955e+02 -2.122043e-02 5.119386e-02 9.984633e-01 2.528539e-01
-5.427035e-01 8.382105e-01 -5.362975e-02 -8.071355e+01 -8.396536e-01 -5.430426e-01 9.302363e-03 -3.748349e+02 -2.132590e-02 5.007884e-02 9.985176e-01 2.026232e-01
-5.462701e-01 8.360330e-01 -5.135967e-02 -8.223360e+01 -8.373202e-01 -5.466645e-01 7.268822e-03 -3.771917e+02 -2.199953e-02 4.697522e-02 9.986538e-01 1.864930e-01
-5.492587e-01 8.340319e-01 -5.201605e-02 -8.369496e+01 -8.353401e-01 -5.496902e-01 6.894813e-03 -3.794871e+02 -2.284222e-02 4.723813e-02 9.986224e-01 1.394440e-01
-5.515675e-01 8.327050e-01 -4.874082e-02 -8.520354e+01 -8.338188e-01 -5.520161e-01 4.939610e-03 -3.817687e+02 -2.279248e-02 4.336554e-02 9.987992e-01 1.425928e-01
-5.556641e-01 8.304975e-01 -3.887694e-02 -8.665686e+01 -8.311671e-01 -5.560191e-01 1.986444e-03 -3.840767e+02 -1.996659e-02 3.341703e-02 9.992420e-01 1.178066e-01
-5.581188e-01 8.291930e-01 -3.069905e-02 -8.812575e+01 -8.296953e-01 -5.581583e-01 8.065008e-03 -3.862406e+02 -1.044748e-02 2.997209e-02 9.994961e-01 4.707720e-02
-5.614782e-01 8.267042e-01 -3.608937e-02 -8.963828e+01 -8.274682e-01 -5.612555e-01 1.698799e-02 -3.885198e+02 -6.211321e-03 3.940119e-02 9.992042e-01 3.177144e-02
-5.627843e-01 8.255719e-01 -4.129022e-02 -9.118451e+01 -8.265328e-01 -5.626879e-01 1.502576e-02 -3.908755e+02 -1.082866e-02 4.258398e-02 9.990342e-01 7.806230e-02
-5.646360e-01 8.240877e-01 -4.544809e-02 -9.266761e+01 -8.250734e-01 -5.649968e-01 5.703304e-03 -3.930530e+02 -2.097800e-02 4.071830e-02 9.989504e-01 4.721095e-02
-5.673717e-01 8.221039e-01 -4.727031e-02 -9.422945e+01 -8.229011e-01 -5.681685e-01 -4.289222e-03 -3.953522e+02 -3.038369e-02 3.646520e-02 9.988729e-01 2.151042e-03
-5.700338e-01 8.203116e-01 -4.637208e-02 -9.572807e+01 -8.209179e-01 -5.709728e-01 -9.155306e-03 -3.975923e+02 -3.398740e-02 3.284884e-02 9.988823e-01 -2.738800e-02
-5.724571e-01 8.186708e-01 -4.550791e-02 -9.723344e+01 -8.192601e-01 -5.733553e-01 -8.745557e-03 -3.998350e+02 -3.325194e-02 3.227636e-02 9.989257e-01 -1.588912e-01
-5.760085e-01 8.160416e-01 -4.785736e-02 -9.881469e+01 -8.168372e-01 -5.768487e-01 -4.751769e-03 -4.020811e+02 -3.148410e-02 3.635461e-02 9.988429e-01 -2.285972e-01
-5.780666e-01 8.145241e-01 -4.888248e-02 -1.003773e+02 -8.155116e-01 -5.787405e-01 4.487772e-04 -4.042634e+02 -2.792473e-02 4.012365e-02 9.988044e-01 -2.313723e-01
-5.805027e-01 8.128428e-01 -4.799148e-02 -1.018387e+02 -8.138534e-01 -5.810639e-01 2.720212e-03 -4.063897e+02 -2.567501e-02 4.063712e-02 9.988440e-01 -2.693482e-01
-5.832043e-01 8.109060e-01 -4.800127e-02 -1.033715e+02 -8.119180e-01 -5.837646e-01 2.830137e-03 -4.085846e+02 -2.572647e-02 4.062364e-02 9.988433e-01 -3.338433e-01
-5.868727e-01 8.081694e-01 -4.942306e-02 -1.050049e+02 -8.092305e-01 -5.874856e-01 2.579376e-03 -4.108575e+02 -2.695076e-02 4.150841e-02 9.987746e-01 -4.246598e-01
-5.887809e-01 8.067226e-01 -5.035542e-02 -1.065557e+02 -8.078027e-01 -5.894499e-01 1.910882e-03 -4.130062e+02 -2.814044e-02 4.180233e-02 9.987295e-01 -4.384668e-01
-5.906692e-01 8.053098e-01 -5.085213e-02 -1.081279e+02 -8.064151e-01 -5.913461e-01 2.118266e-03 -4.151481e+02 -2.836535e-02 4.225912e-02 9.987039e-01 -4.691905e-01
-5.928163e-01 8.037323e-01 -5.082538e-02 -1.097324e+02 -8.048299e-01 -5.935023e-01 1.954999e-03 -4.173726e+02 -2.859368e-02 4.206474e-02 9.987056e-01 -5.502686e-01
-5.941083e-01 8.027004e-01 -5.203229e-02 -1.113361e+02 -8.038636e-01 -5.948085e-01 2.480241e-03 -4.195878e+02 -2.895836e-02 4.330039e-02 9.986423e-01 -6.021765e-01
-5.953659e-01 8.017078e-01 -5.295369e-02 -1.129471e+02 -8.028803e-01 -5.961385e-01 1.486751e-03 -4.217349e+02 -3.037579e-02 4.340064e-02 9.985959e-01 -6.489428e-01
-5.962084e-01 8.008872e-01 -5.581451e-02 -1.145163e+02 -8.021820e-01 -5.970781e-01 1.351203e-03 -4.239124e+02 -3.224346e-02 4.557899e-02 9.984402e-01 -7.031465e-01
-5.975246e-01 7.997192e-01 -5.842587e-02 -1.161122e+02 -8.010966e-01 -5.985351e-01 2.553338e-04 -4.260811e+02 -3.476574e-02 4.695733e-02 9.982917e-01 -7.479754e-01
-5.987332e-01 7.989159e-01 -5.702565e-02 -1.177089e+02 -8.002360e-01 -5.996850e-01 5.240306e-04 -4.282153e+02 -3.377877e-02 4.594773e-02 9.983726e-01 -8.178954e-01
-6.004121e-01 7.980092e-01 -5.183342e-02 -1.193288e+02 -7.991087e-01 -6.011860e-01 8.225843e-04 -4.303738e+02 -3.050509e-02 4.191443e-02 9.986554e-01 -8.830352e-01
-6.021485e-01 7.968677e-01 -4.918303e-02 -1.209175e+02 -7.978693e-01 -6.028292e-01 1.233223e-03 -4.325199e+02 -2.866625e-02 3.998421e-02 9.987890e-01 -9.787309e-01
-6.035864e-01 7.958154e-01 -4.859350e-02 -1.225232e+02 -7.967581e-01 -6.042984e-01 4.863776e-05 -4.346644e+02 -2.932626e-02 3.874662e-02 9.988186e-01 -1.034010e+00
-6.045720e-01 7.951603e-01 -4.703996e-02 -1.241384e+02 -7.960058e-01 -6.052878e-01 -1.233079e-03 -4.367748e+02 -2.945321e-02 3.669860e-02 9.988922e-01 -1.066421e+00
-6.054442e-01 7.946194e-01 -4.491374e-02 -1.257526e+02 -7.953548e-01 -6.061395e-01 -2.388492e-03 -4.389664e+02 -2.912193e-02 3.427626e-02 9.989880e-01 -1.102380e+00
-6.064760e-01 7.938517e-01 -4.456865e-02 -1.273599e+02 -7.945487e-01 -6.071916e-01 -3.261550e-03 -4.411069e+02 -2.965090e-02 3.343391e-02 9.990010e-01 -1.176340e+00
-6.061271e-01 7.940368e-01 -4.599427e-02 -1.290410e+02 -7.947491e-01 -6.069225e-01 -4.345495e-03 -4.433086e+02 -3.136544e-02 3.391999e-02 9.989323e-01 -1.216569e+00
-6.056386e-01 7.941874e-01 -4.968195e-02 -1.305887e+02 -7.949697e-01 -6.066183e-01 -6.124009e-03 -4.453852e+02 -3.500159e-02 3.578670e-02 9.987463e-01 -1.291071e+00
-6.047231e-01 7.944226e-01 -5.659330e-02 -1.322435e+02 -7.954338e-01 -6.059988e-01 -7.102429e-03 -4.475566e+02 -3.993780e-02 4.072122e-02 9.983721e-01 -1.384590e+00
-6.032246e-01 7.951820e-01 -6.169013e-02 -1.338767e+02 -7.963033e-01 -6.048211e-01 -9.613870e-03 -4.497118e+02 -4.495627e-02 4.332474e-02 9.980490e-01 -1.420016e+00
-6.015849e-01 7.967882e-01 -5.678151e-02 -1.354769e+02 -7.976259e-01 -6.030416e-01 -1.156606e-02 -4.518052e+02 -4.345731e-02 3.833244e-02 9.983196e-01 -1.456720e+00
-6.010185e-01 7.977977e-01 -4.791307e-02 -1.370285e+02 -7.983291e-01 -6.021111e-01 -1.152786e-02 -4.539480e+02 -3.804589e-02 3.132194e-02 9.987850e-01 -1.611589e+00
