1.000000000000000000e+00 0.000000000000000000e+00 0.000000000000000000e+00 0.000000000000000000e+00 0.000000000000000000e+00 1.000000000000000000e+00 0.000000000000000000e+00 0.000000000000000000e+00 0.000000000000000000e+00 0.000000000000000000e+00 1.000000000000000000e+00 0.000000000000000000e+00
9.999981852967625429e-01 1.896362447292739267e-03 -1.822433820630799952e-04 1.178786511083947719e+00 -1.896345372207170268e-03 9.999981975342976392e-01 9.382102763412297156e-05 3.814558345413671201e-03 1.824209722492061163e-04 -9.347526098260966411e-05 9.999999789924820526e-01 2.160861887400233883e-02
9.999834926784424427e-01 5.741405058640763025e-03 -2.250301672250127867e-04 2.434684866212902588e+00 -5.741379230205592883e-03 9.999835115043497202e-01 1.152560845093127378e-04 1.198824490969222986e-02 2.256881886827202029e-04 -1.139621984117889018e-04 9.999999680387289258e-01 2.823916755636491499e-02
9.999735563104376057e-01 7.272199245058655684e-03 -4.240278580397155298e-05 3.658576533069144876e+00 -7.272193095534425569e-03 9.999735469691845013e-01 1.434205334709394127e-04 1.664204597500931054e-02 4.344464681700529714e-05 -1.431083796567203677e-04 9.999999888162770523e-01 4.369843003822714012e-02
9.999688268992472651e-01 7.895898982722956982e-03 -2.999653945024317006e-06 4.851735191197017016e+00 -7.895899212026911279e-03 9.999688231850635267e-01 -8.621782082296223040e-05 9.872931299945080647e-03 2.318793221639782207e-06 8.623881811136791323e-05 9.999999962787446961e-01 6.232056429640692174e-02
9.999639072758257363e-01 8.495452595834408413e-03 -1.069151804940612004e-04 6.041094454325192764e+00 -8.495462472951806690e-03 9.999639086504999996e-01 -9.227017510515064423e-05 -4.198033938369380783e-03 1.061274448822999942e-04 9.317513872684721774e-05 9.999999900276794751e-01 7.299217938846411236e-02
9.999568326500920534e-01 9.273460945392166324e-03 -5.794467103104793343e-04 7.241838475013797627e+00 -9.273495669101775377e-03 9.999569985746880052e-01 -5.726758790138280765e-05 -1.665239984257323863e-03 5.788907245362033679e-04 6.263861236991698743e-05 9.999998304809523120e-01 9.377597397919903988e-02
9.999531173757043589e-01 9.641679111195020427e-03 -8.950276685789862897e-04 8.446216904008371884e+00 -9.641625249502188896e-03 9.999535163724510012e-01 6.447417021293157875e-05 -1.319578056858736366e-02 8.956077037063476208e-04 -5.584162612625848235e-05 9.999995973841958596e-01 1.077945923423147684e-01
9.999489166385017169e-01 1.010741628223053856e-02 -6.518883639810707780e-05 9.660608753391063175e+00 -1.010739320213021458e-02 9.999488594255783180e-01 3.451610386538158499e-04 -2.202549539598606596e-02 6.867418890564899031e-05 -3.444845174658381815e-04 9.999999383071346282e-01 1.267392696355632564e-01
9.999588316968676116e-01 9.049621440640306241e-03 6.627693541418120228e-04 1.086664051655161067e+01 -9.049484915734061496e-03 9.999590307939585365e-01 -2.087016217406527699e-04 -3.260770545457268577e-02 -6.646308716783847848e-04 2.026953085761075608e-04 9.999997585901789776e-01 1.426226481794504453e-01
9.999770275489020532e-01 6.757141659537730348e-03 5.342387624052545190e-04 1.204483995492957327e+01 -6.756200043310741678e-03 9.999756538569357645e-01 -1.745123023918741453e-03 -3.280384636653965735e-02 -5.460177992378543793e-04 1.741473510215714188e-03 9.999983345659012590e-01 1.630600031490991864e-01
9.999896011938789187e-01 4.544555766465253714e-03 3.801539061928876462e-04 1.322267265380410706e+01 -4.543820959188303067e-03 9.999878489883835542e-01 -1.911953628261717046e-03 -3.168323323719847429e-02 -3.888382668248883760e-04 1.910206394939947729e-03 9.999980999563603534e-01 1.808955720301142212e-01
9.999942864645391394e-01 3.371100168074965542e-03 2.504434747803539621e-04 1.442107378689721919e+01 -3.370696413234027140e-03 9.999930464341397762e-01 -1.595458886414107382e-03 -2.819882617011733317e-02 -2.558201850253051090e-04 1.594605601781023474e-03 9.999986958936535331e-01 1.948268717535184824e-01
9.999959642198223975e-01 2.825153132499276260e-03 3.000897291604267734e-04 1.561446561954284640e+01 -2.824930111450719549e-03 9.999957353181111452e-01 -7.410232490393675207e-04 -1.982058991631513445e-02 -3.021819535264721351e-04 7.401725259203855703e-04 9.999996804152982977e-01 2.106171293888408069e-01
9.999972237497961602e-01 2.345824795379567156e-03 2.227077220617598784e-04 1.681871367672217232e+01 -2.345781071585350836e-03 9.999972293678607294e-01 -1.963867773339378049e-04 -1.702668786784210242e-02 -2.231677939923421158e-04 1.958638085561988605e-04 9.999999559167511709e-01 2.300642807582080063e-01
9.999980085151979337e-01 1.955332104621946687e-03 3.995522477273981236e-04 1.801445182570270376e+01 -1.955186169434594643e-03 9.999980218952930766e-01 -3.653115708501955636e-04 -2.311404736205604007e-02 -4.002657628138895458e-04 3.645296443090310879e-04 9.999998534527180238e-01 2.509394198663449371e-01
9.999987577095247326e-01 1.354500941902767389e-03 8.061678520685492842e-04 1.920929803460363772e+01 -1.353842686375423144e-03 9.999987502094757064e-01 -8.165105431672184519e-04 -1.517406114207238768e-02 -8.072728088274002843e-04 8.154181043734336611e-04 9.999993417017468689e-01 2.651353532762731335e-01
9.999997719624990067e-01 6.006241609507177205e-04 3.087483884125585918e-04 2.041407522902651905e+01 -6.002132372390381419e-04 9.999989363414989452e-01 -1.329308068365418110e-03 -1.270614234622992680e-02 -3.095464745529175315e-04 1.329122450363626673e-03 9.999990688068124411e-01 2.814026291159179571e-01
9.999997792553402265e-01 2.446043114226090459e-04 -6.177847535232585665e-04 2.161984511469373871e+01 -2.453779673730068053e-04 9.999991854644275646e-01 -1.252541470183000634e-03 -2.134284636162372961e-02 6.174778732717583563e-04 1.252692784458253475e-03 9.999990247404563215e-01 3.011607159599610228e-01
9.999997321387701366e-01 -5.434209364938973746e-04 -4.903224180840401111e-04 2.282586514674283862e+01 5.429487485251293776e-04 9.999993892700714815e-01 -9.626349986241517680e-04 -9.697160743004154537e-04 4.908452346419189122e-04 9.623685208282845927e-04 9.999994164587225898e-01 3.172472110758064456e-01
9.999992889473391378e-01 -1.037746502708196449e-03 -5.875261800885010766e-04 2.401229864510430900e+01 1.037281597587109061e-03 9.999991491468968041e-01 -7.910451122793248210e-04 5.780217056488535891e-03 5.883465844887798661e-04 7.904351197098863488e-04 9.999995145301912025e-01 3.341795418876588597e-01
9.999975755300425373e-01 -1.882986600810827860e-03 -1.141619681842844522e-03 2.519349455812508154e+01 1.882581335105532657e-03 9.999981645873877723e-01 -3.559625997099552844e-04 1.578829848075814432e-02 1.142287859305325540e-03 3.538125447844999078e-04 9.999992849973091680e-01 3.543665378118584508e-01
9.999959087349596931e-01 -2.774033649416583411e-03 -6.980334190465043408e-04 2.640063168204153143e+01 2.774157781555020540e-03 9.999961363654544799e-01 1.769258785574134559e-04 1.606297775211659729e-02 6.975399237599017466e-04 -1.788616095479850785e-04 9.999997407232560365e-01 3.754438406452765831e-01
9.999933203685179572e-01 -3.582885427600843251e-03 7.225997227014382832e-04 2.760967396691903986e+01 3.583342883981780348e-03 9.999933796045805678e-01 -6.327723010500461986e-04 1.751310148643612369e-02 -7.203277881491224532e-04 6.353573969385725283e-04 9.999995387243214573e-01 3.928736110444893126e-01
9.999896110018636763e-01 -4.324592612230255574e-03 1.440759202532224288e-03 2.880774046898108409e+01 4.328074170640018072e-03 9.999877003215530413e-01 -2.422184878416955896e-03 3.193382939495426759e-02 -1.430266518826656032e-03 2.428395427033359488e-03 9.999960286087815620e-01 4.106221528050130187e-01
9.999869779361868494e-01 -5.028984794066052727e-03 8.679112819210561261e-04 3.000560680566990257e+01 5.031456097619879317e-03 9.999832261680947632e-01 -2.869116935002706884e-03 4.908810306571301241e-02 -8.534679782845785686e-04 2.873446430690506682e-03 9.999955074389184073e-01 4.278395501957693581e-01
9.999828594708476404e-01 -5.853966775547116488e-03 -1.088002652219288122e-04 3.118899094888954338e+01 5.853655613920517864e-03 9.999793061621873314e-01 -2.668700684608786740e-03 5.777089684066688546e-02 1.244204988684660185e-04 2.668018062383590780e-03 9.999964330932177292e-01 4.448738184724987388e-01
9.999766576367005166e-01 -6.823974751309823394e-03 -3.428561309317336610e-04 3.240362330104919408e+01 6.823242168364560337e-03 9.999745283606192858e-01 -2.094277027736759795e-03 5.262622504827271092e-02 3.571386913835309469e-04 2.091888751951272597e-03 9.999977482241670934e-01 4.579296414522523451e-01
9.999737284020178141e-01 -7.246831091302530226e-03 -1.610742115004578636e-04 3.360210363389469279e+01 7.246509155360581975e-03 9.999719068364838481e-01 -1.916674950974094115e-03 7.093662633499750458e-02 1.749595060429357755e-04 1.915457371111989196e-03 9.999981502044045234e-01 4.761613490301553342e-01
9.999671570665487064e-01 -8.103606033724052374e-03 1.278964213111359724e-04 3.480184470815762410e+01 8.103872875864908190e-03 9.999646413667794276e-01 -2.245720512441478668e-03 7.825231265483612031e-02 -1.096934647738059842e-04 2.246683212731722182e-03 9.999974701877427652e-01 4.973266881146830021e-01
9.999643379223460693e-01 -8.438318823017827708e-03 3.430145261633378811e-04 3.598520695380487666e+01 8.439267495371143707e-03 9.999602835271047541e-01 -2.865332883599868569e-03 1.019961979744626046e-01 -3.188223104303140681e-04 2.868125491217159845e-03 9.999958360955814030e-01 5.160151822579187586e-01
9.999596493203967151e-01 -8.980853871522451876e-03 2.097492969904200637e-04 3.718117749639333169e+01 8.981376544642608040e-03 9.999561808789461104e-01 -2.640302512175656240e-03 1.174710393623618621e-01 -1.860279349221210707e-04 2.642079811591176945e-03 9.999964923977866516e-01 5.373983740540921872e-01
9.999595122575771766e-01 -8.977909025220871461e-03 6.090936900507966725e-04 3.839048951034599355e+01 8.979506304143103010e-03 9.999561124284968017e-01 -2.672392826895375519e-03 1.303095842741772425e-01 -5.850744587284030171e-04 2.677753988372572318e-03 9.999962436536726784e-01 5.557011205637109041e-01
9.999573993062906840e-01 -9.071266295197586566e-03 1.706370534537190575e-03 3.961240488082585642e+01 9.076095807673729282e-03 9.999547665998670398e-01 -2.844158767617191441e-03 1.313309430382680054e-01 -1.680493228029150167e-03 2.859524786935522395e-03 9.999944995151240912e-01 5.705212893735912560e-01
9.999562922241378438e-01 -8.941738909342564212e-03 2.731107217190290471e-03 4.080734790791998989e+01 8.950091216974181973e-03 9.999552606743140615e-01 -3.061456674932822464e-03 1.556051595094241069e-01 -2.703610283025504029e-03 3.085766524187852616e-03 9.999915842327853355e-01 5.824722590129756128e-01
9.999572167804020584e-01 -8.877244621504607608e-03 2.599833979703795265e-03 4.199140082941762842e+01 8.884655147450098989e-03 9.999564611485206589e-01 -2.852842483900365055e-03 1.720800011712974031e-01 -2.574395405322077706e-03 2.875819058464188730e-03 9.999925510487766012e-01 5.981826701606122176e-01
9.999592450107693820e-01 -8.704752090956509314e-03 2.394913052081344262e-03 4.320150660311295354e+01 8.709612514910553688e-03 9.999600169928363202e-01 -2.026589629543396661e-03 1.780885636243291770e-01 -2.377176335940347964e-03 2.047365800595400080e-03 9.999950786508633449e-01 6.094099953129267222e-01
9.999608023116620670e-01 -8.060991551849892162e-03 3.662547667685847087e-03 4.441206948496072471e+01 8.059898427000670301e-03 9.999674694667225472e-01 3.131224453379487975e-04 2.063176826032109556e-01 -3.664952600443627077e-03 -2.835904094763287264e-04 9.999932438266351253e-01 6.183972952174099369e-01
9.999555377592221905e-01 -6.789546451811741268e-03 6.544047955469222723e-03 4.561677820813459761e+01 6.785223476855648667e-03 9.999767471484672932e-01 6.825721496585741583e-04 2.178200517095714994e-01 -6.548530143010510875e-03 -6.381389731501888041e-04 9.999783545315453770e-01 6.231843489397772551e-01
9.999412075394693566e-01 -4.932499550622877933e-03 9.656702992788474341e-03 4.680725807000182925e+01 4.919275507502843432e-03 9.999869304860633523e-01 1.392690038160346224e-03 2.396123462210674182e-01 -9.663446227361512444e-03 -1.345104175970592442e-03 9.999524031181518113e-01 6.453434965071733753e-01
9.999099431899717283e-01 -3.112087827295245690e-03 1.305451719454959504e-02 4.801086339684645310e+01 3.090311830475529591e-03 9.999938004268315028e-01 1.687922004359437411e-03 2.458004743926203994e-01 -1.305968922363825828e-02 -1.647427466560685404e-03 9.999133614969470951e-01 6.464700376185736896e-01
9.998938980883439465e-01 -1.649245573352834315e-03 1.447316671413612088e-02 4.920386088134861069e+01 1.627087829341222367e-03 9.999974864896506999e-01 1.542595078595611043e-03 2.522981889735745331e-01 -1.447567445378664802e-02 -1.518882292896263494e-03 9.998940683120829398e-01 6.500839222833061370e-01
9.999100213673837168e-01 -5.990733150551773561e-04 1.340112981212323272e-02 5.042187251850996432e+01 5.910844563053667226e-04 9.999996452578794326e-01 6.000860611869187049e-04 2.508048226699768901e-01 -1.340148455372401799e-02 -5.921108667348044460e-04 9.999100207601070434e-01 6.544379748786690598e-01
9.999298013639120741e-01 7.272667671983358518e-04 1.182638691133767669e-02 5.163073456509331294e+01 -7.371077099041475943e-04 9.999993857261337826e-01 8.277799098142504721e-04 2.864697707743985022e-01 -1.182577762987830142e-02 -8.364391217662570360e-04 9.999297232071082675e-01 6.604852589821880171e-01
9.999388308953095494e-01 1.897822893055906750e-03 1.089645520287071435e-02 5.282577373372438956e+01 -1.908585791702779909e-03 9.999977009634098968e-01 9.774293684276554994e-04 2.820978742533024608e-01 -1.089457516368975455e-02 -9.981663995284153264e-04 9.999401541571583119e-01 6.419410600676177525e-01
9.999403778522267805e-01 1.828024639588399745e-03 1.076564288201524271e-02 5.403355033739130420e+01 -1.837482779255221639e-03 9.999979344866219977e-01 8.687229280100367034e-04 2.885823093563463781e-01 -1.076403259851846893e-02 -8.884528162865634867e-04 9.999416714257943761e-01 6.514620174950528364e-01
9.999507505757482262e-01 1.190245229097312450e-03 9.852905119423981464e-03 5.525153251527113696e+01 -1.194250557060320831e-03 9.999992066267632262e-01 4.006388036345484289e-04 2.920036704481808743e-01 -9.852420443968138916e-03 -4.123859098316711336e-04 9.999513786926125247e-01 6.636161635914228363e-01
9.999537872569461694e-01 -4.227499654747136730e-04 9.604406954977948510e-03 5.644144945612811171e+01 4.177452585439695104e-04 9.999997759356754612e-01 5.230845991224716265e-04 2.969933853113185251e-01 -9.604625936969210867e-03 -5.190482304817282478e-04 9.999537398047698700e-01 6.620392691594001455e-01
9.999430248772352980e-01 -1.890661638121558059e-03 1.050582685632076366e-02 5.764000943954114575e+01 1.885512291583549835e-03 9.999980974073603424e-01 5.000250570680454636e-04 2.987598506971985146e-01 -1.050675224620541137e-02 -4.801877024081921863e-04 9.999446872587539614e-01 6.646019478459296304e-01
9.999313529103337483e-01 -3.073282291152291609e-03 1.130682992127139339e-02 5.883516921558884860e+01 3.076442667856376517e-03 9.999952333833439511e-01 -2.621280277147529998e-04 3.060364728940405121e-01 -1.130597043252197162e-02 2.968948473965248784e-04 9.999360413976629003e-01 6.709931384800745802e-01
9.999298242828933425e-01 -3.844133115836664057e-03 1.120576414929929515e-02 6.008130825693827859e+01 3.843512012065586261e-03 9.999926107188202851e-01 7.696214115848264788e-05 3.186201276910235469e-01 -1.120597719947265605e-02 -3.388725117283103785e-05 9.999372104920684068e-01 6.800029686134870799e-01
9.999283248246709777e-01 -4.425959459249659278e-03 1.112457173074356959e-02 6.126025117347297311e+01 4.422131621072106222e-03 9.999901543712612639e-01 3.686630804706598975e-04 3.152789447982304871e-01 -1.112609389018871797e-02 -3.194423360583238778e-04 9.999380520768976766e-01 6.738129403692399988e-01
9.999336930580206007e-01 -4.688333460978989613e-03 1.051803292954102929e-02 6.247792945646513374e+01 4.685546790061755236e-03 9.999889808398961799e-01 2.895687548956058541e-04 3.321884455299204397e-01 -1.051927462453503166e-02 -2.402668190462011616e-04 9.999446420343625075e-01 6.757736987603710777e-01
9.999411261007251639e-01 -4.486229835537485118e-03 9.880185943411031249e-03 6.369119018565292123e+01 4.486068709082360710e-03 9.999899368031555102e-01 3.847022725038940741e-05 3.381457800534255487e-01 -9.880259103436294862e-03 5.855230642546410208e-06 9.999511890316272744e-01 6.939425332754305398e-01
9.999336320015821400e-01 -4.857278312804184060e-03 1.044693445544669572e-02 6.488561149894216840e+01 4.858545359874105914e-03 9.999881925995915966e-01 -9.590822775542263913e-05 3.338470369975134466e-01 -1.044634525135384323e-02 1.466587674417341625e-04 9.999454246918155764e-01 6.999251774050692099e-01
9.999145742178817686e-01 -5.109513496599866686e-03 1.203067489795265135e-02 6.608280035527484131e+01 5.120748715280580912e-03 9.999864809338623317e-01 -9.032619250164971398e-04 3.497705546372444352e-01 -1.202589702546618886e-02 9.647908261877442869e-04 9.999272208412943730e-01 6.999870425829823883e-01
9.999165259327034150e-01 -5.529998741072591692e-03 1.167734047619606134e-02 6.728939457629302012e+01 5.542452686249855348e-03 9.999841054778421112e-01 -1.034412828922002181e-03 3.675490890199455407e-01 -1.167143456880742787e-02 1.099047589366455293e-03 9.999312824937033328e-01 7.146326583437194735e-01
9.999330103839686457e-01 -5.466180486613015678e-03 1.020272587801538192e-02 6.848180303578193673e+01 5.462100725230851182e-03 9.999849911549725245e-01 4.276920118043712527e-04 3.752446659380013205e-01 -1.020491058861302744e-02 -3.719350444630813786e-04 9.999478593727780806e-01 7.200427828212279113e-01
9.999385697784567428e-01 -5.257843658746116575e-03 9.757650817411022207e-03 6.966953825712320736e+01 5.233703009489739863e-03 9.999831842556126116e-01 2.497910889909748210e-03 3.989296302934355887e-01 -9.770620360181678579e-03 -2.446688796241752034e-03 9.999492730592445255e-01 7.185955796627228054e-01
9.999370015778558107e-01 -5.239190334390426279e-03 9.926920979200467773e-03 7.087525917198553316e+01 5.205715825593700691e-03 9.999806872741077157e-01 3.394937635109307374e-03 4.179750140931601243e-01 -9.944515987740364452e-03 -3.343047029754175285e-03 9.999449638046717936e-01 7.264337971774450509e-01
9.999356678321745795e-01 -5.059592915369526614e-03 1.015188241430074745e-02 7.206767541202371774e+01 5.017639582480708585e-03 9.999787844362890699e-01 4.153789876966616258e-03 4.300967859987481767e-01 -1.017268352222603506e-02 -4.102584167620454240e-03 9.999398408469902799e-01 7.259202434694662642e-01
9.999284315369524334e-01 -4.520908628884441616e-03 1.107669577173700168e-02 7.325966566943283453e+01 4.455306297767195473e-03 9.999724324135538245e-01 5.940089116632359979e-03 4.335632555724552306e-01 -1.110324501411250400e-02 -5.890313921153645001e-03 9.999210079561619002e-01 7.419770860699768100e-01
9.999252308140247347e-01 -2.507226523463906755e-03 1.196856702698476625e-02 7.444471334828162412e+01 2.423105358819453801e-03 9.999722982864582832e-01 7.037842007218801828e-03 4.610155621997712450e-01 -1.198588094131792896e-02 -7.008314694600423049e-03 9.999036064457423878e-01 7.317837223133668578e-01
9.999410571314112373e-01 4.091769069464277087e-04 1.084964686865389633e-02 7.561413172578008357e+01 -4.745425910396027826e-04 9.999817502185074369e-01 6.022793310400393132e-03 4.713120180396074277e-01 -1.084698447703134547e-02 -6.027586929222677678e-03 9.999230025974829017e-01 7.269925059039353821e-01
9.999771875725311787e-01 2.589547149812588753e-03 6.238475782564821374e-03 7.680952893423346950e+01 -2.612226047697077669e-03 9.999899999079383539e-01 3.629925508475656537e-03 4.698702558137293206e-01 -6.229013533978166629e-03 -3.646139010000420261e-03 9.999739521911125140e-01 7.617779396864037267e-01
9.999757068214232270e-01 5.428393753969616882e-03 4.372448770074822619e-03 7.797838255816569131e+01 -5.450399316755138480e-03 9.999724621027122895e-01 5.036683782772395646e-03 4.606091032415283171e-01 -4.344987259242575131e-03 -5.060393017502788984e-03 9.999777565067262675e-01 7.683656962212682684e-01
9.999373526792787459e-01 8.621364013944332952e-03 7.138823383084795526e-03 7.914330741363882282e+01 -8.660990089716097753e-03 9.999471541810645014e-01 5.538600532294330435e-03 4.499834109454957098e-01 -7.090695834800144967e-03 -5.600082832383566737e-03 9.999591797192767251e-01 7.645956367292210398e-01
9.998810872320224030e-01 1.175224540065504704e-02 9.984794627408437664e-03 8.031621195777995581e+01 -1.179136889780054397e-02 9.999229961434186187e-01 3.868514325264746975e-03 4.428788454693974863e-01 -9.938562030028493324e-03 -3.985788706338918436e-03 9.999426675930793706e-01 7.882229438538662647e-01
9.998380201016267010e-01 1.567780648362455606e-02 8.839680034994423091e-03 8.149430812963441895e+01 -1.571385121255130732e-02 9.998684365234045135e-01 4.022999417386705252e-03 4.329854966304402253e-01 -8.775445249607504578e-03 -4.161253189186384614e-03 9.999528366540927360e-01 7.882848643431180635e-01
9.998014847097154156e-01 1.910522716444251756e-02 5.655215932543743509e-03 8.266348560889078101e+01 -1.912817810130910262e-02 9.998089076827980648e-01 4.032483187155040498e-03 4.210802256805930011e-01 -5.577093756899523941e-03 -4.139856655143631971e-03 9.999758785151278140e-01 7.951038939187988763e-01
9.997426463573039213e-01 2.260128560219725607e-02 1.955234927717125048e-03 8.382723821461425473e+01 -2.260834850639553695e-02 9.997376663148210829e-01 3.668941156344418964e-03 4.007504158544056283e-01 -1.871799216800950618e-03 -3.712201573630702443e-03 9.999913579262416086e-01 8.112732166516979371e-01
9.996624522958909020e-01 2.596600206677598943e-02 8.649892680891905312e-04 8.499086074521764544e+01 -2.596845914755348955e-02 9.996583743476376016e-01 2.962047626278257757e-03 3.731704872265538264e-01 -7.877812307803630119e-04 -2.983510232373991992e-03 9.999952390223794119e-01 8.319184529979288811e-01
9.995514690371782862e-01 2.987461750177243525e-02 2.089970033640819319e-03 8.614474920293994842e+01 -2.988053201748824828e-02 9.995493901555764227e-01 2.858399196598339787e-03 3.437284071609350566e-01 -2.003634689903361667e-03 -2.919566532560356666e-03 9.999937307699940936e-01 8.532133638173036161e-01
9.994352991851354062e-01 3.347575446513843117e-02 2.908024365217277366e-03 8.731450822141850665e+01 -3.348581322379545061e-02 9.994331272691547863e-01 3.482015183574782742e-03 3.101188374704211270e-01 -2.789812800174768914e-03 -3.577426447507158803e-03 9.999897094293284106e-01 8.696245279981335008e-01
9.993103827787648274e-01 3.710430449524242114e-02 1.424590636916519843e-03 8.847799553133648942e+01 -3.710917216512249484e-02 9.993048843030710726e-01 3.557744966278102508e-03 2.762136903116274023e-01 -1.291592729057902417e-03 -3.608156863290750901e-03 9.999926564691723474e-01 8.847360259012396755e-01
9.991784557524695520e-01 4.051988071174088962e-02 -7.435235144784702998e-04 8.963515121602301861e+01 -4.051705644833217962e-02 9.991727679234404524e-01 3.485394808811285473e-03 2.480426934251704352e-01 8.841362298639716000e-04 -3.452406018548947846e-03 9.999936495777411727e-01 9.010036389688707015e-01
9.990516128710689170e-01 4.352115934797944063e-02 -1.335480708805514283e-03 9.078238457045840448e+01 -4.351655145376180645e-02 9.990472407702714053e-01 3.304611759254907910e-03 1.908961391186978773e-01 1.478028852191814665e-03 -3.243362193016074979e-03 9.999936479960245261e-01 9.052460905801122948e-01
9.989184920401661394e-01 4.649134315910412318e-02 -6.334599142596953562e-04 9.193447435397526135e+01 -4.648919230183334861e-02 9.989140814682302416e-01 3.068035789417207157e-03 1.302487649807145265e-01 7.754091331098756767e-04 -3.035268644520375259e-03 9.999950929304263214e-01 9.289366003492429691e-01
9.987885302283587841e-01 4.920131513954453112e-02 8.381365128266936131e-04 9.308483048655432412e+01 -4.920320072343706969e-02 9.987859024625617144e-01 2.401266460706946108e-03 8.390444424698502435e-02 -7.189734654831725445e-04 -2.439596398050397370e-03 9.999967657180549585e-01 9.530748139555855758e-01
9.986532952079346659e-01 5.181214399107925139e-02 2.664151906599227133e-03 9.423273390347468137e+01 -5.181445058174286022e-02 9.986564054156910064e-01 8.041350155322323856e-04 2.656224440568564008e-02 -2.618908407312718796e-03 -9.410936503600892929e-04 9.999961278232507578e-01 9.694607600138263059e-01
9.985154875445112488e-01 5.434289011857920682e-02 3.697489324803300993e-03 9.539356308524773453e+01 -5.434162567798921095e-02 9.985223045373542439e-01 -4.416560703089009144e-04 -3.848409800303809192e-02 -3.716026428903858054e-03 2.400728455346630929e-04 9.999930667322691757e-01 9.846102638564014908e-01
9.983799503244906726e-01 5.684903198870760316e-02 2.379569712017092203e-03 9.654623806675321873e+01 -5.684564385562792393e-02 9.983818995966073917e-01 -1.468105074228427372e-03 -8.749629411546616664e-02 -2.459179681633772135e-03 1.330458498700347368e-03 9.999960911500987981e-01 1.005612791097624026e+00
9.982570416978163719e-01 5.899323808739775216e-02 -1.636019769978312071e-03 9.770100769707636346e+01 -5.899833663579544946e-02 9.982527376334949798e-01 -3.266202908878310888e-03 -1.494875208020026436e-01 1.440477328358161528e-03 3.357032498533662080e-03 9.999933276566750351e-01 1.018794003545326010e+00
9.981264932634964504e-01 6.102054788249109546e-02 -4.471709028555156430e-03 9.886687710086739855e+01 -6.103306008049149550e-02 9.981320469788173000e-01 -2.717051911004907203e-03 -2.130023462751405028e-01 4.297560089930727543e-03 2.984883581748492502e-03 9.999863106299390347e-01 1.029217290219957892e+00
9.980079698224326723e-01 6.283267101521744502e-02 -5.669887476825052723e-03 1.000401005239536261e+02 -6.284736909135790750e-02 9.980201372752933731e-01 -2.452303264107691741e-03 -2.825935297390467227e-01 5.504577113733183542e-03 2.803755712963534354e-03 9.999809191103102846e-01 1.031809212150309296e+00
9.979751032878990680e-01 6.338276416332006002e-02 -5.321505851178440043e-03 1.012291486384640535e+02 -6.339441604003004382e-02 9.979864454413720498e-01 -2.050056155071278922e-03 -3.589802181242505164e-01 5.180852483014588943e-03 2.383258758992313087e-03 9.999837392904131761e-01 1.054013398818467451e+00
9.980277513314228521e-01 6.266822554325113259e-02 -3.647064518741585052e-03 1.024063746787250295e+02 -6.267666672769320324e-02 9.980313530497086916e-01 -2.248060869579470572e-03 -4.169396579786469603e-01 3.499002750689485155e-03 2.472212981898123246e-03 9.999908225292484243e-01 1.074543388961999080e+00
9.981227472682727697e-01 6.121773823276779186e-02 -1.835731815937233311e-03 1.035981611777794171e+02 -6.122259875295146120e-02 9.981204311193538903e-01 -2.719997068064383596e-03 -4.888800605708668590e-01 1.665769363036124270e-03 2.827279218523221904e-03 9.999946158378302252e-01 1.101978245581746174e+00
9.982356237032100621e-01 5.937058425898913971e-02 -8.793717129322241007e-04 1.047901988674834115e+02 -5.937275875204986453e-02 9.982322384372825930e-01 -2.696972870308453514e-03 -5.601617772363436387e-01 7.176963383779057541e-04 2.744425119868297569e-03 9.999959765132694356e-01 1.123129605659832331e+00
9.983796216890228337e-01 5.690114243718658732e-02 -6.252882748546157322e-04 1.059786872162427471e+02 -5.690259696386289895e-02 9.983762796858969280e-01 -2.626522285421478611e-03 -6.290754857722895554e-01 4.748208629033514043e-04 2.657846852367164430e-03 9.999963551909863968e-01 1.133454637824979905e+00
9.985476145744869303e-01 5.387380187218077793e-02 -5.243085340181407109e-04 1.071715377339428841e+02 -5.387480889705466985e-02 9.985453911408024297e-01 -2.146345211684716654e-03 -6.879312191034405721e-01 4.079140934959987557e-04 2.171474913254468203e-03 9.999975591484178139e-01 1.146773841813395478e+00
9.987349124806349510e-01 5.027941663798277810e-02 -7.448857916767999974e-04 1.083725494813607497e+02 -5.028039166053745873e-02 9.987342236292306996e-01 -1.353796949603328472e-03 -7.493987420800705124e-01 6.758748119704377456e-04 1.389537427326509615e-03 9.999988061887756796e-01 1.157890171649980093e+00
9.989166839918101060e-01 4.652863015932039853e-02 -7.382535495336335716e-04 1.095715644061264697e+02 -4.652925229094537901e-02 9.989165668774375728e-01 -8.491755055592440727e-04 -7.976302541454074468e-01 6.979427281466996265e-04 8.826059658012453584e-04 9.999993669411283426e-01 1.171281411139964979e+00
9.991065326858435958e-01 4.226270620857060928e-02 -2.898182415054683495e-06 1.107968220035494511e+02 -4.226270006597489942e-02 9.991063455036237606e-01 -6.120110513987271584e-04 -8.390498448980930890e-01 -2.296965082035465648e-05 6.115867245425438093e-04 9.999998127170192097e-01 1.179568335556839820e+00
9.992750983107133722e-01 3.805248316998541963e-02 1.134204881014051845e-03 1.120102414453298110e+02 -3.805222733937006080e-02 9.992757213757199608e-01 -2.462997106348472536e-04 -8.847278626308711091e-01 -1.142755716256884171e-03 2.029621455767674097e-04 9.999993264576433338e-01 1.205649905224668750e+00
9.994288385994485324e-01 3.374458833696435123e-02 1.816406817409978473e-03 1.132220328811230843e+02 -3.374432579497557705e-02 9.994304827506752531e-01 -1.750011276072485666e-04 -9.137760387418858432e-01 -1.821277683405283588e-03 1.136077502952092882e-04 9.999983350190534415e-01 1.218300926823270292e+00
9.995816175972738193e-01 2.884768072599498689e-02 2.097874721810554042e-03 1.144479131886552778e+02 -2.884841754979572404e-02 9.995837459880003717e-01 3.218096788476090884e-04 -9.502371998259774299e-01 -2.087718010170996983e-03 -3.821954052829047255e-04 9.999977476775546714e-01 1.240043219719764389e+00
9.997140911326851676e-01 2.382025455645957884e-02 2.081216859123858742e-03 1.156772455104814981e+02 -2.382238407829355420e-02 9.997157021064709825e-01 1.004479264126918433e-03 -9.704231259129691978e-01 -2.056698221786644205e-03 -1.053771621966539040e-03 9.999973297753316226e-01 1.250205311849740264e+00
9.998205351836886301e-01 1.886288425503251237e-02 1.757561544758074953e-03 1.168971247373447113e+02 -1.886530836361418467e-02 9.998210914636570523e-01 1.373027591557374888e-03 -9.828135639327261197e-01 -1.731347841456057010e-03 -1.405938121922756853e-03 9.999975128832316873e-01 1.258282157172380566e+00
9.998962099160046968e-01 1.434477548285236631e-02 1.340452145964373841e-03 1.181207184383817150e+02 -1.434749360686064096e-02 9.998949870896838288e-01 2.040642085745963345e-03 -9.895225232347033550e-01 -1.311038828622501174e-03 -2.059662415927006242e-03 9.999970194795193557e-01 1.278523792452202379e+00
9.999439755200885127e-01 1.052634900208316779e-02 1.114359801428928308e-03 1.193527947896230472e+02 -1.053010849964260490e-02 9.999386968396003494e-01 3.423357665753319363e-03 -1.004978885685902545e+00 -1.078256030102602145e-03 -3.434900203537231186e-03 9.999935193912634634e-01 1.294063647181730836e+00
9.999652671791486869e-01 8.276609488036152165e-03 9.809030107092667899e-04 1.205804165327947430e+02 -8.282677970537428644e-03 9.999455164180531819e-01 6.353065485990034428e-03 -1.021206807262577287e+00 -9.282677255202407629e-04 -6.360969329862688551e-03 9.999793379806476423e-01 1.300893723100355226e+00
9.999713524413492705e-01 7.504342389535997859e-03 9.895160026669534269e-04 1.218169356837965438e+02 -7.511692901222213545e-03 9.999425502659794462e-01 7.646609531473318004e-03 -1.015372324662040082e+00 -9.320763791925260099e-04 -7.653823415111163896e-03 9.999702746685791288e-01 1.317016630702740443e+00
9.999784857545370720e-01 6.452703878726009229e-03 1.179254305263987505e-03 1.230571083472467535e+02 -6.463478105019399358e-03 9.999351808537342290e-01 9.373235396367097724e-03 -1.020195059798250981e+00 -1.118695154608340299e-03 -9.380655822662323576e-03 9.999553749130447589e-01 1.338083413316518477e+00
9.999836013081274677e-01 5.469665128644617819e-03 1.697020391286749134e-03 1.243186711218018559e+02 -5.487425925437395755e-03 9.999282945799760070e-01 1.064395861949365973e-02 -1.013568051507245382e+00 -1.638679816435022110e-03 -1.065309634618709714e-02 9.999419114462090308e-01 1.346254827348626781e+00
9.999870577052173415e-01 4.596490014509533283e-03 2.180986384391365301e-03 1.255577503441630398e+02 -4.620096102922279825e-03 9.999294294852582032e-01 1.094489658634402451e-02 -1.026476405459342045e+00 -2.130524363190604287e-03 -1.095483130096109106e-02 9.999377243294230722e-01 1.365735467504733291e+00
9.999846227316064873e-01 3.723462478234830942e-03 4.109760029468056096e-03 1.268164750393138149e+02 -3.781885923819902542e-03 9.998905868347048864e-01 1.430075865850389226e-02 -1.009186783162684620e+00 -4.056062029339397267e-03 -1.431608139550549254e-02 9.998892929591212120e-01 1.391920104373463918e+00
9.999712081636300542e-01 3.159900683381093676e-03 6.899121062948905016e-03 1.280585670705175971e+02 -3.269311574518382526e-03 9.998681560149852432e-01 1.590541382742993726e-02 -1.012287747682470984e+00 -6.847951927312111338e-03 -1.592751125770272558e-02 9.998496986745242232e-01 1.364414677419360844e+00
9.999687473009440941e-01 2.599727750008514089e-03 7.466313481668746151e-03 1.293049485259887490e+02 -2.709768579356314211e-03 9.998873017999954094e-01 1.476620646514359425e-02 -1.004985452988377492e+00 -7.427083924868903807e-03 -1.478597696301299155e-02 9.998630972836342057e-01 1.393300531441503898e+00
9.999763935977197260e-01 2.360493579623181015e-03 6.452930912302323047e-03 1.305542075344609714e+02 -2.451456425832461601e-03 9.998972322856126693e-01 1.412498598101419658e-02 -9.993813751389389877e-01 -6.418925820620913908e-03 -1.414047161986334289e-02 9.998794149564622646e-01 1.410803745010088095e+00
9.999795002400525545e-01 1.425251596084197185e-03 6.242416002036914671e-03 1.318361013374214963e+02 -1.506404698646800168e-03 9.999141675976832566e-01 1.301492152554146152e-02 -1.000483037371881601e+00 -6.223330662798011795e-03 -1.302405832757083139e-02 9.998958166029806582e-01 1.405278983329010467e+00
9.999673689958791245e-01 6.326493696574323703e-04 8.053613985927937646e-03 1.330764883871182747e+02 -7.105678137029900268e-04 9.999529360373989872e-01 9.675784390303771715e-03 -1.009447302732460416e+00 -8.047113572045034441e-03 -9.681191298625848457e-03 9.999207561093018670e-01 1.422571902417862022e+00
9.999479997166158540e-01 3.621588750454045281e-04 1.019150154236605522e-02 1.343417310177738671e+02 -4.233841351669592875e-04 9.999818743968622581e-01 6.005965668565967606e-03 -1.006193379177326097e+00 -1.018914170148363212e-02 -6.009968276715773640e-03 9.999300283883367779e-01 1.429318552161719325e+00
9.999339027076336039e-01 1.019793726043955330e-04 1.149694812062357178e-02 1.356137973746206171e+02 -1.451480381283179672e-04 9.999929431021313819e-01 3.754021574839125699e-03 -1.009166810843018736e+00 -1.149648415506993905e-02 -3.755442203641714931e-03 9.999268610783127453e-01 1.432815266413069999e+00
9.999467071706050758e-01 1.117331135314543749e-04 1.032329086946012948e-02 1.368760018493931625e+02 -1.153790855715906198e-04 9.999999311859673057e-01 3.525843548385472416e-04 -1.012999980479166062e+00 -1.032325076372510482e-02 -3.537566564812853948e-04 9.999466512519041839e-01 1.445255614144017597e+00
9.999605281129899659e-01 3.636038493606275610e-04 8.877500111565633442e-03 1.381368295454867052e+02 -3.488548155885991026e-04 9.999985565526497977e-01 -1.662886927779032992e-03 -1.009326712908904966e+00 -8.878091929449613909e-03 1.659724331829801492e-03 9.999592115675691728e-01 1.443649355349858165e+00
9.999631833643107814e-01 8.234991721779756505e-04 8.541297619634886581e-03 1.394155532701857112e+02 -7.967129430054841225e-04 9.999947559096660221e-01 -3.139012847062019104e-03 -9.918139400613590340e-01 -8.543837802779610455e-03 3.132092316805979836e-03 9.999585955594955111e-01 1.453084540168935401e+00
9.999617246785363900e-01 1.139997698732467734e-03 8.674651760956076166e-03 1.406885479698569270e+02 -1.110741260121522788e-03 9.999936820346889688e-01 -3.376706170000219349e-03 -9.943201829882883924e-01 -8.678446392070259321e-03 3.366941631857994343e-03 9.999566731975279010e-01 1.453984786096279791e+00
9.999478007239189781e-01 1.372333183130594993e-03 1.012484711153934826e-02 1.419803097335705786e+02 -1.344713107041195987e-03 9.999953577914991731e-01 -2.734253483373891985e-03 -1.008214671206475455e+00 -1.012855241667434160e-02 2.720495742703762931e-03 9.999450041521567023e-01 1.460759990972835487e+00
9.999243342731088946e-01 2.433542506314848464e-03 1.205834148421514387e-02 1.432324360222020516e+02 -2.413525855832313136e-03 9.999956858674696747e-01 -1.674257863100396667e-03 -9.867295549376845498e-01 -1.206236384060827005e-02 1.645028060211573559e-03 9.999258938847708222e-01 1.458112818698008128e+00
9.999331229236537721e-01 2.949777596375312630e-03 1.118250831795310034e-02 1.445175159154754283e+02 -2.930948707959479295e-03 9.999942601020621602e-01 -1.699794870126207979e-03 -9.838948232895545765e-01 -1.118745814832299880e-02 1.666905834508654880e-03 9.999360290564184295e-01 1.471801554505101084e+00
9.999503998520334891e-01 3.468513106699034482e-03 9.336340427974338524e-03 1.457909256257204618e+02 -3.459166402963756611e-03 9.999934998447629342e-01 -1.017072277979323312e-03 -9.854706355426245956e-01 -9.339807468838841331e-03 9.847258759087616341e-04 9.999558981832120663e-01 1.470753013014646671e+00
9.999693738902646345e-01 3.774233976310251062e-03 6.856124226142982711e-03 1.470781421222571623e+02 -3.767907461083198125e-03 9.999924638876076521e-01 -9.354364523520878553e-04 -9.648285018648296019e-01 -6.859603113661384699e-03 9.095745619468501800e-04 9.999760589730333216e-01 1.475365160777960982e+00
9.999862330585117531e-01 4.396336006717493569e-03 2.864598255229208312e-03 1.483189324050636912e+02 -4.391040938721727654e-03 9.999886441311431895e-01 -1.852125328434486027e-03 -9.770247419397964928e-01 -2.872708290497444968e-03 1.839521262121758321e-03 9.999941818373764280e-01 1.493774358335727026e+00
9.999890589661277751e-01 4.619972166988021468e-03 -7.333520399581255076e-04 1.496141837601186921e+02 -4.620866780986239604e-03 9.999885759551226938e-01 -1.222926587436881088e-03 -9.732551068852236531e-01 7.276937753152820957e-04 1.226301929435875656e-03 9.999989833221567537e-01 1.505622751623650446e+00
9.999866855612450367e-01 4.787350353473180525e-03 -1.926130013444065595e-03 1.508724435131677808e+02 -4.789057915064599824e-03 9.999881426433840925e-01 -8.828912283349493783e-04 -9.822781515215942560e-01 1.921880464999560067e-03 8.921038213200901653e-04 9.999977552606057474e-01 1.522949354248666065e+00
9.999872697381426701e-01 4.742147063680456250e-03 -1.724065799661036709e-03 1.521597193835994801e+02 -4.745106111090657310e-03 9.999872690612899850e-01 -1.716299314718634523e-03 -9.741381044766381780e-01 1.715904906929319488e-03 1.724458340940826680e-03 9.999970409525124060e-01 1.547047476346993022e+00
9.999892671296387592e-01 4.507153815675500087e-03 -1.072935230937459815e-03 1.534128003559253273e+02 -4.508679051212266010e-03 9.999888228026553305e-01 -1.423405414077041518e-03 -9.821219499848361512e-01 1.066507731385335066e-03 1.428227657450296039e-03 9.999984113622467641e-01 1.571809953215022704e+00
9.999890772369579572e-01 4.671667261763282931e-03 -1.446781691316101110e-04 1.546723801759532932e+02 -4.671816867078316775e-03 9.999885340844013593e-01 -1.051583040213965002e-03 -9.640689742449587429e-01 1.397638642019407998e-04 1.052247463932444622e-03 9.999994366205097185e-01 1.590802887507974051e+00
9.999909391269863335e-01 4.234095610355856354e-03 4.405658749479092842e-04 1.559499182644807433e+02 -4.233776227721565422e-03 9.999907759005739472e-01 -7.233620266377875337e-04 -9.807139210619297831e-01 -4.436245951061602529e-04 7.214902150182214138e-04 9.999996413244798266e-01 1.601034365952837879e+00
9.999917708699948005e-01 4.043879148948939344e-03 3.243974730234473205e-04 1.572133950477415283e+02 -4.043742065104729243e-03 9.999917349446391102e-01 -4.221285605446872401e-04 -9.750723705246293616e-01 -3.261018287445363486e-04 4.208133070864049949e-04 9.999998582868688812e-01 1.626403139832891975e+00
