1.000000000000000000e+00 0.000000000000000000e+00 0.000000000000000000e+00 0.000000000000000000e+00 0.000000000000000000e+00 1.000000000000000000e+00 0.000000000000000000e+00 0.000000000000000000e+00 0.000000000000000000e+00 0.000000000000000000e+00 1.000000000000000000e+00 0.000000000000000000e+00
9.999981788016628625e-01 1.900007265103366557e-03 -1.799048357288944989e-04 1.178790000000000004e+00 -1.899989265119802128e-03 9.999981900016526870e-01 1.001709085339434291e-04 3.810000000000000019e-03 1.800948355554056815e-04 -9.982890884622334384e-05 9.999999788000193401e-01 2.161000000000000074e-02
9.999941516171603206e-01 3.419991965059576353e-03 -1.965794231966565202e-05 2.364250000000000185e+00 -3.419987965071312995e-03 9.999941318172184124e-01 2.000336130613725692e-04 1.152000000000000073e-02 2.034194031267873821e-05 -1.999652132620712789e-04 9.999999798000591689e-01 3.239000000000000212e-02
9.999770154044562709e-01 6.779990081443616236e-03 -1.993216957492587339e-05 3.717670000000000030e+00 -6.779989681440212572e-03 9.999770154044562709e-01 2.006777072856624753e-05 1.397999999999999937e-02 2.006777072856624753e-05 -1.993216957492587339e-05 9.999999995999966362e-01 4.381999999999999784e-02
9.999670308841299704e-01 8.119949137561246685e-03 5.975601001249719439e-05 4.945039999999999658e+00 -8.119945537548594119e-03 9.999670308841299704e-01 -6.024321172476761351e-05 1.375999999999999966e-02 -6.024321172476761351e-05 5.975601001249719439e-05 9.999999963999872676e-01 6.522999999999999632e-02
9.999650519118958858e-01 8.359931875388255940e-03 -8.058460315378453967e-05 6.130560000000000009e+00 -8.359943075416490649e-03 9.999650453118792415e-01 -1.396645520943357803e-04 1.649999999999999991e-03 7.941420020319870060e-05 1.403333537803848157e-04 9.999999869999672830e-01 7.469000000000000639e-02
9.999600599989496574e-01 8.919877434592776363e-03 -5.605296147419288428e-04 7.316749999999999865e+00 -8.919944634594544411e-03 9.999602095989535977e-01 -1.175012030902816376e-04 5.879999999999999810e-03 5.594592147137772463e-04 1.224964032216554067e-04 9.999998359999957565e-01 9.529999999999999583e-02
9.999547449189891690e-01 9.479912274466657796e-03 -7.996106975835927475e-04 8.525349999999999540e+00 -9.479848274634931904e-03 9.999550617181561796e-01 8.379097968837710372e-05 -8.059999999999999457e-03 8.003690955895369306e-04 -7.620699962893586951e-05 9.999996768008497794e-01 1.096000000000000030e-01
9.999517837998272984e-01 9.819864902551895397e-03 -1.813392484576186416e-05 9.744210000000000704e+00 -9.819857302583393649e-03 9.999517118001256533e-01 3.800928247432970998e-04 -1.788999999999999965e-02 2.186550938058291860e-05 -3.798964255572538878e-04 9.999999276003000981e-01 1.297300000000000120e-01
9.999609237819897523e-01 8.819933865107520629e-03 5.997296764154078606e-04 1.095091000000000037e+01 -8.819897865090927866e-03 9.999611019820718871e-01 -6.264542887327817998e-05 -3.104000000000000162e-02 -6.002588766593163188e-04 5.735342643419424880e-05 9.999998181999162350e-01 1.440099999999999991e-01
9.999785878130416084e-01 6.520411732322999379e-03 5.551092468808781818e-04 1.213061000000000078e+01 -6.519571724988558817e-03 9.999776196045878640e-01 -1.501823713023567710e-03 -2.725999999999999951e-02 -5.648893322747158309e-04 1.498172481143201758e-03 9.999987181888080334e-01 1.656900000000000039e-01
9.999906110513472335e-01 4.320275572844920094e-03 3.361965613746255820e-04 1.331061000000000050e+01 -4.319677176117492183e-03 9.999891200595013574e-01 -1.760724770772301422e-03 -3.083999999999999936e-02 -3.437997197937124735e-04 1.759255978804977975e-03 9.999983934087862680e-01 1.809699999999999920e-01
9.999954060128681821e-01 3.020176140184614635e-03 2.578550777221418500e-04 1.450164999999999971e+01 -3.019806941218777709e-03 9.999944316155975343e-01 -1.420388621349433136e-03 -2.705000000000000113e-02 -2.621434657099382245e-04 1.419603423548850690e-03 9.999989580029187142e-01 1.971400000000000097e-01
9.999967910054005094e-01 2.520068558976622242e-03 2.592939636341885703e-04 1.569854999999999912e+01 -2.519922959221651722e-03 9.999966680056074919e-01 -5.603266570262688826e-04 -2.110000000000000070e-02 -2.607051612592841024e-04 5.596714581289030611e-04 9.999998094003208493e-01 2.112300000000000011e-01
9.999974862031597578e-01 2.239996184324795619e-03 1.000222742720012411e-04 1.689939999999999998e+01 -2.239998184322281819e-03 9.999974910031537156e-01 1.988797500081542331e-05 -1.148000000000000062e-02 -9.997747432831476631e-05 -2.011197471924777681e-05 9.999999948000064531e-01 2.298199999999999965e-01
9.999985550011017965e-01 1.680050718961326878e-03 2.596638020063509627e-04 1.809752999999999901e+01 -1.679946719040626823e-03 9.999985088011370538e-01 -4.002180948337026676e-04 -1.359999999999999924e-02 -2.603358014939513338e-04 3.997812951667624373e-04 9.999998862000867295e-01 2.489099999999999924e-01
9.999993536002836914e-01 8.802444137487511590e-04 7.197004841954273346e-04 1.930028000000000077e+01 -8.797548139635875649e-04 9.999993816002713531e-01 -6.803165014771190905e-04 -1.438000000000000042e-02 -7.202988839328496257e-04 6.796829017551427000e-04 9.999995096002152195e-01 2.678900000000000170e-01
9.999999564000155994e-01 1.401507497980014020e-04 2.599187068971191153e-04 2.049681999999999960e+01 -1.398491499060344940e-04 9.999993174002445029e-01 -1.160017784481629562e-03 -1.435999999999999950e-02 -2.600811068389474170e-04 1.159981384494667908e-03 9.999992934002530642e-01 2.840599999999999792e-01
9.999997804000858581e-01 -6.034977642134235396e-05 -6.599679421505250413e-04 2.169742000000000104e+01 5.965017669467596677e-05 9.999994364002202651e-01 -1.060019385850426198e-03 -1.349000000000000025e-02 6.600315421256764325e-04 1.059979785865897703e-03 9.999992204003046448e-01 3.026699999999999946e-01
9.999995070002213327e-01 -8.802066047872343126e-04 -4.596037936378965551e-04 2.291266999999999854e+01 8.797926049731203280e-04 9.999992078003556717e-01 -9.002019958093037191e-04 -2.000000000000000042e-03 4.603957932822887612e-04 8.997971959910588090e-04 9.999994892002294078e-01 3.179100000000000259e-01
9.999983710015746263e-01 -1.680255775864767254e-03 -6.593441626779323987e-04 2.410494999999999877e+01 1.679740976362372341e-03 9.999982846016580718e-01 -7.805536455168462671e-04 6.289999999999999584e-03 6.606545614113010136e-04 7.794448465886114020e-04 9.999994780005045936e-01 3.352399999999999824e-01
9.999961788073756797e-01 -2.500160374190446393e-03 -1.179647723043965009e-03 2.528280000000000172e+01 2.499829974828182873e-03 9.999968358061075424e-01 -2.814744566980036155e-04 1.054000000000000076e-02 1.180347721692827671e-03 2.785244623920826766e-04 9.999992646014195241e-01 3.573899999999999855e-01
9.999949680130006957e-01 -3.079794443043077333e-03 -7.607988344001317006e-04 2.648460000000000036e+01 3.080189642022041104e-03 9.999951216126038434e-01 5.188282595553087104e-04 2.001999999999999960e-02 7.591972385380147282e-04 -5.211690535076333661e-04 9.999995760010954582e-01 3.769700000000000273e-01
9.999921368314063086e-01 -3.919834343789646569e-03 6.009775996353690711e-04 2.769854000000000127e+01 3.920134342591420976e-03 9.999921918311865943e-01 -4.988220076550191990e-04 3.164000000000000146e-02 -5.990176074637738098e-04 5.011739982609335993e-04 9.999996950012182140e-01 3.922499999999999876e-01
9.999878892896313376e-01 -4.698271628091682355e-03 1.465441154270017386e-03 2.889826000000000050e+01 4.701658803023200071e-03 9.999862639016608989e-01 -2.316551855199720095e-03 3.964000000000000162e-02 -1.454537234969924264e-03 2.323413804414434236e-03 9.999962430278053205e-01 4.145800000000000041e-01
9.999839670415783255e-01 -5.598781321558238960e-03 8.481199802735249395e-04 3.010265000000000057e+01 5.601217345628592068e-03 9.999801148035144527e-01 -2.897647631656247863e-03 5.206000000000000211e-02 -8.318798198044994544e-04 2.902351678136931221e-03 9.999954421549639427e-01 4.275200000000000111e-01
9.999803668242576160e-01 -6.260304237861324776e-03 -2.730510441618116436e-04 3.128667000000000087e+01 6.259682632297146852e-03 9.999779418025505073e-01 -2.220874079710149791e-03 6.386000000000000010e-02 2.869483685609315344e-04 2.219121264020170858e-03 9.999974965775911828e-01 4.471800000000000219e-01
9.999752874315689377e-01 -7.020323447716489071e-03 -3.736105463800398676e-04 3.248539000000000243e+01 7.019631843002787502e-03 9.999737034207729636e-01 -1.821328013443208231e-03 6.024999999999999800e-02 3.863870334594652050e-04 1.818660395261789816e-03 9.999982715882197448e-01 4.596299999999999830e-01
9.999718620549038484e-01 -7.500104475038736271e-03 -1.533991910182684224e-04 3.368164000000000158e+01 7.499822873586629857e-03 9.999703260469833266e-01 -1.760591478666019083e-03 7.885999999999999954e-02 1.665992590857394027e-04 1.759391472478067210e-03 9.999984383919474640e-01 4.788000000000000034e-01
9.999643733652070487e-01 -8.439769842279228745e-03 1.492827457895295367e-04 3.488703000000000287e+01 8.440077842580020334e-03 9.999619631628532401e-01 -2.199389347923637328e-03 8.694000000000000339e-02 -1.307147276560030071e-04 2.200570949077588871e-03 9.999975701976270281e-01 4.987199999999999966e-01
9.999622838277251180e-01 -8.679495819702622364e-03 3.118883707308586837e-04 3.606976000000000226e+01 8.680317819098370621e-03 9.999585750304514908e-01 -2.738668586804721659e-03 1.085099999999999953e-01 -2.881051882138761593e-04 2.741272584890522626e-03 9.999962012027924230e-01 5.183100000000000485e-01
9.999565561384208268e-01 -9.319683505624416081e-03 1.712750542834220796e-04 3.727139999999999986e+01 9.320070704390722577e-03 9.999536407477098710e-01 -2.419222491873296386e-03 1.233199999999999991e-01 -1.487207261460224070e-04 2.420713687122050348e-03 9.999970590093706369e-01 5.390200000000000546e-01
9.999575233232927962e-01 -9.199158898521377775e-03 5.718607401170156240e-04 3.847032000000000096e+01 9.200603694327715021e-03 9.999543519324981533e-01 -2.577390718865699322e-03 1.427400000000000058e-01 -5.481248090129292247e-04 2.582542703911547277e-03 9.999965150101155498e-01 5.585499999999999909e-01
9.999550897995540533e-01 -9.317440198886219743e-03 1.733116299071036422e-03 3.969512000000000285e+01 9.322290577334049061e-03 9.999525928106490769e-01 -2.811944105407561834e-03 1.489600000000000091e-01 -1.706834015853733646e-03 2.827974434178398989e-03 9.999945446242404223e-01 5.733700000000000463e-01
9.999538160453430580e-01 -9.195716949592848410e-03 2.793665359211512395e-03 4.089565999999999946e+01 9.204001305583863618e-03 9.999532400484029138e-01 -2.967166437521734368e-03 1.670999999999999985e-01 -2.766249504852755659e-03 2.992742301655071206e-03 9.999916956441152749e-01 5.849299999999999500e-01
9.999544840109712007e-01 -9.176303666914872523e-03 2.612538490622841585e-03 4.207601999999999975e+01 9.183427633894571465e-03 9.999541102127037506e-01 -2.728025955326893789e-03 1.853200000000000125e-01 -2.587385407209898385e-03 2.751893844696839866e-03 9.999928662330657136e-01 6.011499999999999622e-01
9.999580780856339723e-01 -8.817335388829001044e-03 2.469143156281274846e-03 4.327609999999999957e+01 8.822452178376934476e-03 9.999589406838719219e-01 -2.069126373395557220e-03 1.970699999999999952e-01 -2.450797593755755285e-03 2.090823529074776945e-03 9.999948110105996157e-01 6.090700000000000003e-01
9.999585612302296367e-01 -8.300284944942129539e-03 3.739129872304756529e-03 4.449049999999999727e+01 8.299536945487795414e-03 9.999655350251421826e-01 2.155188427790041556e-04 2.227600000000000136e-01 -3.740789871093787387e-03 -1.844768654241266354e-04 9.999929862051165630e-01 6.204800000000000315e-01
9.999525633822040627e-01 -7.202196336363871770e-03 6.557389213068032241e-03 4.570871999999999957e+01 7.197604354001676738e-03 9.999738351004994197e-01 7.236062206285065771e-04 2.371699999999999919e-01 -6.562429193709466702e-03 -6.763744020459218223e-04 9.999782382835867844e-01 6.282600000000000406e-01
9.999396416351482575e-01 -5.166541150042043215e-03 9.696387941707275415e-03 4.688891000000000275e+01 5.153349026586194828e-03 9.999857622667589485e-01 1.385011761355566277e-03 2.613699999999999912e-01 -9.703405607380696102e-03 -1.334959292949551264e-03 9.999520297510799960e-01 6.471299999999999830e-01
9.999090739656144589e-01 -3.371274028652777692e-03 1.305673437927812146e-02 4.809060999999999808e+01 3.348549770011301392e-03 9.999928414445304892e-01 1.761895039955714603e-03 2.609299999999999953e-01 -1.306258074291023231e-02 -1.718013712923897656e-03 9.999132049399173106e-01 6.483200000000000074e-01
9.998925637905251573e-01 -1.871296015675167268e-03 1.453819547372910137e-02 4.928231000000000250e+01 1.848613486999450351e-03 9.999970533832841513e-01 1.573484326219233911e-03 2.676399999999999890e-01 -1.454109709018968147e-02 -1.546439772798186701e-03 9.998930767934354202e-01 6.522499999999999964e-01
9.999078187715421118e-01 -7.044564322292288681e-04 1.355941372892299768e-02 5.049812000000000012e+01 6.955068877181946668e-04 9.999995372028694929e-01 6.647286785492472361e-04 2.671000000000000041e-01 -1.355987572605852134e-02 -6.552367374011807116e-04 9.999078459713734990e-01 6.588100000000000067e-01
9.999297610696030736e-01 5.350189166754820008e-04 1.184004569439094101e-02 5.171307000000000187e+01 -5.449645634588099873e-04 9.999995013976545888e-01 8.367903361780622924e-04 3.023000000000000131e-01 -1.183959209225724299e-02 -8.431839662530587467e-04 9.999295540686293782e-01 6.621399999999999508e-01
9.999402464094552245e-01 1.554682364925812814e-03 1.082065494053277739e-02 5.290558000000000050e+01 -1.565286069722227275e-03 9.999983029832283377e-01 9.715504018326213834e-04 3.015800000000000147e-01 -1.081912612542349807e-02 -9.884297686514036813e-04 9.999409830167351743e-01 6.447500000000000453e-01
9.999413245608784750e-01 1.554931136413267032e-03 1.072052352251564970e-02 5.411621000000000237e+01 -1.565007840090056534e-03 9.999983414158544193e-01 9.316200946435153297e-04 3.051699999999999968e-01 -1.071905713653283250e-02 -9.483431347879746559e-04 9.999420995534703538e-01 6.533400000000000318e-01
9.999517210021973135e-01 7.178337936402888735e-04 9.800019356538930415e-03 5.533160000000000167e+01 -7.221457755812773615e-04 9.999996440014909949e-01 4.364657720377001300e-04 3.031599999999999850e-01 -9.799702557865715841e-03 -4.435217424865902747e-04 9.999518834015171942e-01 6.649100000000000010e-01
9.999531825635333826e-01 -8.427842561545935895e-04 9.639626328785235246e-03 5.651545999999999736e+01 8.371930756845869263e-04 9.999994790018198465e-01 5.840409599449271219e-04 3.120899999999999785e-01 -9.640113527083450304e-03 -5.759433882297451028e-04 9.999533671628885179e-01 6.645499999999999741e-01
9.999414589466856240e-01 -2.362699935926648471e-03 1.055918219307709106e-02 5.770994999999999919e+01 2.357208787205740657e-03 9.999970800272681704e-01 5.324506277098131233e-04 3.121399999999999730e-01 -1.056040938161698951e-02 -5.075292604380014045e-04 9.999441085219425984e-01 6.663000000000000034e-01
9.999289106851099174e-01 -3.558123760709197732e-03 1.138039240944817808e-02 5.892960999999999672e+01 3.561765376839736222e-03 9.999936119717042216e-01 -2.997385276918084580e-04 3.246100000000000096e-01 -1.137925320440206882e-02 3.402515071440508944e-04 9.999351963129520238e-01 6.732000000000000206e-01
9.999284450979881722e-01 -4.040386653259946982e-03 1.125966072365001437e-02 6.015796000000000276e+01 4.039485849457923917e-03 9.999918359655420863e-01 1.027440336517428143e-04 3.398599999999999954e-01 -1.125998392501415153e-02 -5.725344164960116336e-05 9.999366027324191331e-01 6.828499999999999570e-01
9.999271851410558298e-01 -4.642040308023742852e-03 1.113893521228140164e-02 6.135164000000000328e+01 4.637807092969583288e-03 9.999891629614613420e-01 4.058386432433830370e-04 3.382000000000000006e-01 -1.114069841855171682e-02 -3.541488594241737928e-04 9.999378777790809414e-01 6.787300000000000555e-01
9.999328825709383750e-01 -4.942238394247382843e-03 1.047877058763673451e-02 6.255772000000000332e+01 4.937627164769175722e-03 9.999877013213781529e-01 4.658797782296582768e-04 3.584600000000000009e-01 -1.048094420153199667e-02 -4.141082472697923153e-04 9.999449876483225141e-01 6.782500000000000195e-01
9.999385654297520132e-01 -4.739748795296266567e-03 1.001998740752711031e-02 6.376567000000000007e+01 4.740149599016606208e-03 9.999887652957172302e-01 -1.625195085385821623e-05 3.628199999999999759e-01 -1.001979780576718951e-02 6.374719171418291119e-05 9.999497985340199957e-01 6.939499999999999558e-01
9.999312378139828539e-01 -5.099187425818370832e-03 1.056020508287929330e-02 6.494682000000000244e+01 5.100665834117859739e-03 9.999869851269371779e-01 -1.130698347514382988e-04 3.576199999999999934e-01 -1.055949107887101807e-02 1.669261370899483552e-04 9.999442330869356965e-01 7.030100000000000238e-01
9.999113180063142758e-01 -5.513925536847368893e-03 1.212240685876849779e-02 6.614652999999999849e+01 5.525803082428017675e-03 9.999842846720029543e-01 -9.465248633070339531e-04 3.695599999999999996e-01 -1.211699728355354784e-02 1.013426956781712232e-03 9.999260729387116076e-01 7.028499999999999748e-01
9.999142616577808562e-01 -5.955548694047297677e-03 1.166193693722040667e-02 6.736238000000000170e+01 5.964177068105228248e-03 9.999819654542226877e-01 -7.052362796366016704e-04 3.854500000000000148e-01 -1.165752655048067632e-02 7.747296706977722111e-04 9.999317486052046178e-01 7.184700000000000530e-01
9.999310434281930560e-01 -5.823587000198745395e-03 1.019775578527941894e-02 6.857514000000000465e+01 5.816242960600417899e-03 9.999828045072836069e-01 7.496716421545272921e-04 3.975799999999999890e-01 -1.020194620787375807e-02 -6.903073220680498853e-04 9.999477205181143136e-01 7.239700000000000024e-01
9.999362151778082852e-01 -5.591905812824576189e-03 9.813060952650446561e-03 6.975600000000000023e+01 5.567944854226991244e-03 9.999814548772498757e-01 2.467365331491129261e-03 4.179300000000000237e-01 -9.826676242770053527e-03 -2.412569368796652330e-03 9.999488066611513792e-01 7.191499999999999559e-01
9.999346067249885728e-01 -5.637440908257742092e-03 9.949951444520804128e-03 7.095766999999999314e+01 5.602381560815656095e-03 9.999780125075315995e-01 3.547932120828535714e-03 4.380700000000000149e-01 -9.969733927716037392e-03 -3.491956685423841869e-03 9.999442037653488713e-01 7.293500000000000538e-01
9.999343420132490445e-01 -5.321041934639574381e-03 1.014880166623658049e-02 7.215361000000000047e+01 5.278776214423186453e-03 9.999773021354404490e-01 4.186852708665159128e-03 4.555600000000000205e-01 -1.017084972894788560e-02 -4.133004555504856542e-03 9.999397342285860635e-01 7.282899999999999929e-01
9.999269393910057424e-01 -4.772906056361368200e-03 1.110564036483389742e-02 7.334355999999999653e+01 4.706853609860850614e-03 9.999711245545355176e-01 5.966203670071198832e-03 4.596799999999999775e-01 -1.113379581415156229e-02 -5.913495152156645306e-03 9.999205314252999077e-01 7.458500000000000130e-01
9.999242063070485909e-01 -2.883069158748091752e-03 1.196952603258870547e-02 7.452173999999999410e+01 2.796812370136775912e-03 9.999700469261511016e-01 7.216861580878689529e-03 4.824600000000000000e-01 -1.198997421953829946e-02 -7.182838069815337088e-03 9.999023189069408124e-01 7.362900000000000000e-01
9.999418795519343650e-01 1.457161205072316878e-04 1.078036571536244818e-02 7.570926000000000045e+01 -2.142769772070601776e-04 9.999797589832606359e-01 6.358907858816800242e-03 4.917400000000000104e-01 -1.077922091441569676e-02 -6.360848260421512156e-03 9.999216709352218846e-01 7.303399999999999892e-01
9.999777284796314003e-01 2.508493557404279511e-03 6.184658825607086165e-03 7.689278000000000191e+01 -2.531483281654543609e-03 9.999899055454435359e-01 3.712196062934841004e-03 4.953199999999999825e-01 -6.175284374941930436e-03 -3.727769747104374160e-03 9.999739844593964477e-01 7.636800000000000255e-01
9.999763549591933476e-01 5.188526954359816597e-03 4.513170788830146545e-03 7.805759000000000469e+01 -5.211386993811672856e-03 9.999735767543986853e-01 5.068257946799564588e-03 4.863399999999999945e-01 -4.486754743241334713e-03 -5.091657987183354460e-03 9.999769717602577934e-01 7.730200000000000404e-01
9.999403498507732913e-01 8.280187714545601124e-03 7.122866819275919074e-03 7.922566000000000486e+01 -8.319521812947715950e-03 9.999502090754380790e-01 5.510437985462706204e-03 4.724099999999999966e-01 -7.076884704242462389e-03 -5.569368132888255843e-03 9.999594490985538320e-01 7.659299999999999997e-01
9.998826879117099775e-01 1.159966057854187535e-02 1.000291402125715219e-02 8.040614999999999668e+01 -1.163958047247072580e-02 9.999244880006429304e-01 3.941885726015437012e-03 4.673900000000000277e-01 -9.956434144758831775e-03 -4.057853017878746381e-03 9.999421999535805794e-01 7.898399999999999865e-01
9.998428762410935811e-01 1.538125402020559286e-02 8.811348063902582975e-03 8.158732000000000539e+01 -1.541742751865573212e-02 9.998729331567147716e-01 4.052217824208903703e-03 4.529699999999999838e-01 -8.747900242019652009e-03 -4.187429444629321533e-03 9.999529687320308780e-01 7.894499999999999851e-01
9.998058683116590739e-01 1.886701251089811099e-02 5.679923281451162639e-03 8.275145999999999447e+01 -1.889103887232618934e-02 9.998126993006926089e-01 4.206538646822854943e-03 4.425600000000000089e-01 -5.599494610571350423e-03 -4.313021675875000280e-03 9.999750214401006421e-01 7.978100000000000191e-01
9.997481357949766778e-01 2.235477922840432147e-02 1.982125151971929778e-03 8.391768999999999323e+01 -2.236211235867358732e-02 9.997428734450163335e-01 3.758048264719050877e-03 4.275100000000000011e-01 -1.897605155672574782e-03 -3.801426252237767676e-03 9.999909740858273777e-01 8.124599999999999600e-01
9.996694533707933816e-01 2.569651174794953044e-02 8.205372183538381381e-04 8.507636999999999716e+01 -2.569897652877994529e-02 9.996647648072581882e-01 3.149699703525526192e-03 3.977299999999999724e-01 -7.393258499671345307e-04 -3.169745547620978366e-03 9.999947030411966420e-01 8.321100000000000163e-01
9.995623252170339201e-01 2.951354319180680627e-02 2.027011342319409368e-03 8.623678999999999917e+01 -2.951987918287432913e-02 9.995591654214885935e-01 3.170418730343673927e-03 3.690300000000000247e-01 -1.932547475494568803e-03 -3.228868247941544221e-03 9.999929198099816174e-01 8.547299999999999898e-01
9.994453971802254033e-01 3.316976169779531358e-02 2.943631120373122433e-03 8.740437000000000012e+01 -3.318087848616492475e-02 9.994420945836806069e-01 3.811676412224137590e-03 3.411699999999999733e-01 -2.815556454364837730e-03 -3.907234712251044483e-03 9.999884030121327649e-01 8.733300000000000507e-01
9.993173650894248139e-01 3.691066372376024946e-02 1.551365269886149966e-03 8.856031000000000120e+01 -3.691640609440697413e-02 9.993109331223031244e-01 3.851999909732061866e-03 3.036200000000000010e-01 -1.408116402131387055e-03 -3.906641230422023235e-03 9.999913776440748636e-01 8.900900000000000478e-01
9.991932229594199244e-01 4.015329090768769010e-02 -7.851249897822081252e-04 8.972947000000000628e+01 -4.015009172973290491e-02 9.991866736045509345e-01 3.736499052158681784e-03 2.736000000000000099e-01 9.345191603219182592e-04 -3.701961690152189878e-03 9.999927110502274674e-01 9.031799999999999828e-01
9.990640772490487764e-01 4.323264151307493891e-02 -1.381397230588481172e-03 9.087936999999999443e+01 -4.322735626704573425e-02 9.990585908012673544e-01 3.650728194191843381e-03 2.199699999999999989e-01 1.537927393809672720e-03 -3.587597244384401699e-03 9.999923819336542508e-01 9.081299999999999928e-01
9.989316075489886870e-01 4.620880920878553400e-02 -6.240120988064154842e-04 9.201869000000000653e+01 -4.620651320179901267e-02 9.989264733333657054e-01 3.295301427272712483e-03 1.598999999999999866e-01 7.756141601163277395e-04 -3.262947328822426302e-03 9.999943757828860802e-01 9.328699999999999770e-01
9.987972689428848971e-01 4.902424078929391166e-02 7.996044446051876102e-04 9.316742999999999597e+01 -4.902604638397516784e-02 9.987945659508470353e-01 2.421116068118398142e-03 1.201399999999999968e-01 -6.799471970795415701e-04 -2.457405561220438357e-03 9.999967494095752807e-01 9.545900000000000496e-01
9.986591284848995720e-01 5.170153804760603544e-02 2.626034518551431576e-03 9.431323000000000434e+01 -5.170424207244088410e-02 9.986619677109762616e-01 9.724193310881042813e-04 6.101999999999999785e-02 -2.572245224529039805e-03 -1.106892566144084249e-03 9.999960791639894708e-01 9.723100000000000076e-01
9.985274311357135169e-01 5.412046087523558063e-02 3.734298349743170233e-03 9.547965000000000657e+01 -5.411986247309635151e-02 9.985344121606699597e-01 -2.611835337050146541e-04 -4.409999999999999858e-03 -3.742960780710494987e-03 5.869920984380531124e-05 9.999929933749519551e-01 9.873499999999999499e-01
9.983965707286144298e-01 5.655881767812535876e-02 2.321142002416387400e-03 9.662989000000000317e+01 -5.655565528547919218e-02 9.983984577242264180e-01 -1.406225129964082995e-03 -5.965000000000000163e-02 -2.396959026111480755e-03 1.272696640471232283e-03 9.999963174085635398e-01 1.007020000000000026e+00
9.982679046513341925e-01 5.881218450510832668e-02 -1.522332674551220158e-03 9.779170000000000584e+01 -5.881624527169714706e-02 9.982649652755187786e-01 -2.776399756338084317e-03 -1.174100000000000005e-01 1.356405239768968115e-03 2.861128659205617718e-03 9.999949870412456754e-01 1.026639999999999997e+00
9.981381606475174806e-01 6.082550761823189017e-02 -4.524365389188297719e-03 9.895217999999999847e+01 -6.083811730460068207e-02 9.981439846874087252e-01 -2.703574517863303276e-03 -1.808899999999999952e-01 4.351521805313454498e-03 2.973794768709889669e-03 9.999861103048639510e-01 1.030229999999999979e+00
9.980174073770549104e-01 6.268178438075294734e-02 -5.678774447574519262e-03 1.001211600000000033e+02 -6.269634447933064569e-02 9.980297074603313723e-01 -2.423100405358983439e-03 -2.586100000000000065e-01 5.515701343504374708e-03 2.774334783356216527e-03 9.999809398709552655e-01 1.036389999999999922e+00
9.979852701535979476e-01 6.322207949335770238e-02 -5.326276465384413746e-03 1.013111600000000010e+02 -6.323354619231430496e-02 9.979967276526355846e-01 -2.012518465888530478e-03 -3.269599999999999729e-01 5.188370880594635713e-03 2.345263133775791001e-03 9.999837901428395570e-01 1.056200000000000028e+00
9.980453894081430244e-01 6.238549454112967546e-02 -3.667526687952408094e-03 1.024892499999999984e+02 -6.239348655090950352e-02 9.980494052130571836e-01 -2.106558777795976625e-03 -3.859600000000000253e-01 3.528954118381155084e-03 2.331271052776387638e-03 9.999910557890550056e-01 1.078389999999999960e+00
9.981367191202800138e-01 6.098936864991769818e-02 -1.840341133462964534e-03 1.036834900000000061e+02 -6.099405027976636390e-02 9.981347301075986778e-01 -2.605068809137205902e-03 -4.625699999999999812e-01 1.678026898596097485e-03 2.712464693861148159e-03 9.999949133675690716e-01 1.104670000000000041e+00
9.982485397087639267e-01 5.915304297559308144e-02 -8.777676503774543663e-04 1.048715200000000038e+02 -5.915515498052650867e-02 9.982453749013712185e-01 -2.615172508781462950e-03 -5.278300000000000214e-01 7.215320854267982201e-04 2.662516619372570781e-03 9.999961951911123803e-01 1.125210000000000043e+00
9.983889827788641202e-01 5.673615022026752552e-02 -6.695699875996282292e-04 1.060685699999999940e+02 -5.673762620965915049e-02 9.983861369993175527e-01 -2.441970448825793276e-03 -5.930699999999999861e-01 5.299413911522394237e-04 2.476026204056863515e-03 9.999967942230408857e-01 1.136360000000000037e+00
9.985569164006492526e-01 5.369995097043912813e-02 -6.324351343555867540e-04 1.072574199999999962e+02 -5.370108776744514367e-02 9.985551638052651002e-01 -1.943710480849706592e-03 -6.600399999999999601e-01 5.271442116602897791e-04 1.974867998790151655e-03 9.999979110055017273e-01 1.148519999999999985e+00
9.987566400282142931e-01 4.984395083985672381e-02 -8.686565638337553864e-04 1.084659699999999987e+02 -4.984492523779704420e-02 9.987563200288906984e-01 -1.138696793022719129e-03 -7.213500000000000467e-01 8.108190860906158140e-04 1.180579104491889060e-03 9.999989744021678950e-01 1.160590000000000011e+00
9.989296970170974399e-01 4.624745210963803616e-02 -7.959841057836028119e-04 1.096602199999999954e+02 -4.624799811218000684e-02 9.989297562173731215e-01 -6.817727740613267317e-04 -7.644600000000000284e-01 7.636019550252618176e-04 7.178557420491925908e-04 9.999994507974431235e-01 1.173510000000000053e+00
9.991137946292105720e-01 4.209058762579900859e-02 -8.840211777623900927e-05 1.108808099999999968e+02 -4.209061962569685122e-02 9.991137178294557941e-01 -3.982267286611687889e-04 -8.028600000000000181e-01 7.156217153776737907e-05 4.015947179088630715e-04 9.999999168002655647e-01 1.182579999999999965e+00
9.992827890245213895e-01 3.785328768425656742e-02 1.017924784479499285e-03 1.120917900000000031e+02 -3.785318568411784323e-02 9.992833042252220466e-01 -1.192907622473657223e-04 -8.547200000000000353e-01 -1.021710789628845059e-03 8.067350972404056895e-05 9.999994747992856370e-01 1.208099999999999952e+00
9.994360215332582786e-01 3.353523701429474840e-02 1.739752904140514419e-03 1.133069899999999990e+02 -3.353523701429474840e-02 9.994375353302165088e-01 -2.917974136622770176e-05 -8.864300000000000512e-01 -1.739752904140514419e-03 -2.917974136622770176e-05 9.999984862030417698e-01 1.220979999999999954e+00
9.995895131914248610e-01 2.857639784204247732e-02 2.048073266156060813e-03 1.145388399999999933e+02 -2.857758103572588179e-02 9.995914257812142933e-01 5.507874595660683164e-04 -9.170700000000000518e-01 -2.031496954650357720e-03 -6.090903483102664369e-04 9.999977510120063862e-01 1.243559999999999999e+00
9.997190078488186193e-01 2.361707328708160386e-02 2.034501198449188697e-03 1.157616799999999984e+02 -2.361957808486360444e-02 9.997202792476928002e-01 1.216055923182479855e-03 -9.384500000000000064e-01 -2.005212424384398423e-03 -1.263768280933187053e-03 9.999971910024874067e-01 1.254070000000000018e+00
9.998247628504378648e-01 1.863769073583377428e-02 1.755014273746855749e-03 1.169773200000000060e+02 -1.864050951250276200e-02 9.998249644487692267e-01 1.603705126132670905e-03 -9.502500000000000391e-01 -1.724817723683700439e-03 -1.636138457681985499e-03 9.999971740233906115e-01 1.262350000000000083e+00
9.998998253395297020e-01 1.409827209992785442e-02 1.256188590283133883e-03 1.182035800000000023e+02 -1.410112412442588760e-02 9.998979491234135653e-01 2.291208680795204806e-03 -9.577999999999999847e-01 -1.223758311716769938e-03 -2.308692830978809844e-03 9.999965861706762160e-01 1.280960000000000099e+00
9.999470099216503094e-01 1.023785701546418153e-02 1.078717980776581781e-03 1.194395700000000033e+02 -1.024173657727261294e-02 9.999408739820543346e-01 3.654500224003444028e-03 -9.718900000000000317e-01 -1.041239949721562905e-03 -3.665354517150526403e-03 9.999927404714650248e-01 1.298419999999999908e+00
9.999667344372034083e-01 8.096750865308281406e-03 9.862273676071327787e-04 1.206672200000000004e+02 -8.102971620950560547e-03 9.999462001836249003e-01 6.476001022227111971e-03 -9.803500000000000547e-01 -9.337397418753967801e-04 -6.483776966779960897e-03 9.999785441529930319e-01 1.303460000000000063e+00
9.999733682229212661e-01 7.236297428572374679e-03 9.480740641460462526e-04 1.219059799999999996e+02 -7.243436568814201268e-03 9.999436828714025616e-01 7.756527073990130035e-03 -9.785899999999999599e-01 -8.918921344168891097e-04 -7.763187818236369671e-03 9.999694682555659853e-01 1.318899999999999961e+00
9.999799692532407303e-01 6.234875281060719802e-03 1.089689183825743061e-03 1.231450899999999962e+02 -6.244966554996457010e-03 9.999352155253435903e-01 9.516572125068989071e-03 -9.797000000000000153e-01 -1.030283948581405809e-03 -9.523186573531067581e-03 9.999541226638706259e-01 1.340389999999999970e+00
9.999853749563500926e-01 5.151083173922840416e-03 1.648094518902900804e-03 1.244008999999999929e+02 -5.168741226625065202e-03 9.999272819829657655e-01 1.089563491911197876e-02 -9.775300000000000100e-01 -1.591850351036557584e-03 -1.090399414406092310e-02 9.999392826187828431e-01 1.348640000000000061e+00
9.999887211674256537e-01 4.248146069070661036e-03 2.123862733927961606e-03 1.256380300000000005e+02 -4.271708137120269928e-03 9.999279817920042612e-01 1.121533499100898709e-02 -9.832899999999999974e-01 -2.076065395884469506e-03 -1.122428101684600291e-02 9.999348506118420632e-01 1.369639999999999969e+00
9.999850933980889423e-01 3.529920052535750682e-03 4.165650734036423566e-03 1.268898800000000051e+02 -3.589867260220982841e-03 9.998888279857477412e-01 1.447219825533581708e-02 -9.703899999999999748e-01 -4.114101927427867358e-03 -1.448693665722528001e-02 9.998865949854615076e-01 1.397359999999999935e+00
9.999723629574859274e-01 2.905053268843443056e-03 6.843536127411622809e-03 1.281452800000000138e+02 -3.014719037542295133e-03 9.998663357943843311e-01 1.606928791938560738e-02 -9.723500000000000476e-01 -6.795939254193352104e-03 -1.608947515043962148e-02 9.998474603653483284e-01 1.370980000000000087e+00
9.999704627170830085e-01 2.225173713381379571e-03 7.356785665500141340e-03 1.293847100000000125e+02 -2.334687562337878740e-03 9.998860965089981789e-01 1.491117842374029868e-02 -9.643199999999999550e-01 -7.322767739666243177e-03 -1.492791378403659878e-02 9.998617576758735970e-01 1.398339999999999916e+00
9.999780288684377849e-01 1.954303512539988866e-03 6.334230669504887883e-03 1.306425500000000000e+02 -2.045564028272608796e-03 9.998937435309782629e-01 1.443320184201958220e-02 -9.585200000000000387e-01 -6.305350759462920000e-03 -1.444584180264736964e-02 9.998757723869565739e-01 1.415990000000000082e+00
9.999804300749520758e-01 1.159324607852379313e-03 6.147799083206582915e-03 1.319213799999999992e+02 -1.240618727305543671e-03 9.999116306353373895e-01 1.323600337541436939e-02 -9.663100000000000023e-01 -6.131910981684791581e-03 -1.324337142249471660e-02 9.998935007194909019e-01 1.407129999999999992e+00
9.999677516202229999e-01 3.802923615186600166e-04 8.021913569457998425e-03 1.331571000000000140e+02 -4.596903117282054351e-04 9.999509068307863568e-01 9.898111592894219199e-03 -9.622199999999999642e-01 -8.017755572065477995e-03 -9.901479990781896987e-03 9.999188348508987190e-01 1.424940000000000095e+00
9.999491915561906641e-01 6.844792845422947728e-05 1.008015977065467549e-02 1.344301299999999912e+02 -1.315490312511813679e-04 9.999804011059527653e-01 6.259400836360853003e-03 -9.676000000000000156e-01 -1.007953376765073801e-02 -6.260408841197864262e-03 9.999296026621913303e-01 1.433380000000000098e+00
9.999350099748355314e-01 -1.629117644240990113e-04 1.139953009481196877e-02 1.356991700000000094e+02 1.170836056478601143e-04 9.999919099719711824e-01 4.020731530226460439e-03 -9.721999999999999531e-01 -1.140009289676185283e-02 -4.019135524696939611e-03 9.999269395468747268e-01 1.436960000000000015e+00
9.999479603165366548e-01 -2.025467679890290964e-04 1.019978595878193173e-02 1.369601499999999987e+02 1.974467990101004262e-04 9.999998550008820652e-01 5.010119525446976238e-04 -9.748200000000000198e-01 -1.019988595817367463e-02 -4.989719649531260473e-04 9.999478553171753381e-01 1.447179999999999911e+00
9.999610966023420033e-01 1.268783923619207319e-04 8.819817669046974701e-03 1.382155400000000043e+02 -1.131191931902245318e-04 9.999987760000736969e-01 -1.560513506057086561e-03 -9.719600000000000461e-01 -8.820004869035703854e-03 1.559455106120802423e-03 9.999598870024148933e-01 1.446360000000000090e+00
9.999638766123505329e-01 5.927987973220910124e-04 8.479036501017417349e-03 1.395048099999999920e+02 -5.671892060780101864e-04 9.999952716016166088e-01 -3.022427966631877246e-03 -9.566000000000000059e-01 -8.480788100418544528e-03 3.017509568313477691e-03 9.999594846138522009e-01 1.457850000000000090e+00
9.999625398424311085e-01 9.933190748674834095e-04 8.598385260609011857e-03 1.407757499999999879e+02 -9.666591050652312842e-04 9.999947148059865620e-01 -3.104179483895897623e-03 -9.538799999999999502e-01 -8.601423257167872469e-03 3.095751493442282579e-03 9.999582150473298459e-01 1.458329999999999904e+00
9.999493953525474543e-01 1.112881246890217498e-03 9.998411344067689721e-03 1.420672299999999950e+02 -1.087081426629825376e-03 9.999960668274012754e-01 -2.585456187902375382e-03 -9.623199999999999532e-01 -1.000124932429633309e-02 2.574456264535541616e-03 9.999466721715190021e-01 1.464080000000000048e+00
9.999262794036599677e-01 1.988231895258006209e-03 1.197842610214223599e-02 1.433344299999999976e+02 -1.971699451227147595e-03 9.999970875922433722e-01 -1.391836306877635744e-03 -9.464900000000000535e-01 -1.198115850941945670e-02 1.368115843702926143e-03 9.999272874063445116e-01 1.464699999999999891e+00
9.999346875561366810e-01 2.648193997126404090e-03 1.111789955724538752e-02 1.446005199999999888e+02 -2.631736285279794550e-03 9.999954199688740886e-01 -1.494658957702276261e-03 -9.374900000000000455e-01 -1.112180678379890049e-02 1.465301958192107706e-03 9.999370771723764539e-01 1.477470000000000061e+00
9.999519975979570541e-01 3.263187942939241304e-03 9.238728500407536459e-03 1.458734300000000133e+02 -3.256719969612516079e-03 9.999944412229238022e-01 -7.150512512001450712e-04 -9.365499999999999936e-01 -9.241010490996834359e-03 6.849289754213981792e-04 9.999570663770539491e-01 1.477300000000000058e+00
9.999707498465740807e-01 3.542423981076507633e-03 6.778693356280261068e-03 1.471704400000000135e+02 -3.537542355470916881e-03 9.999934749657741762e-01 -7.319972395451205746e-04 -9.248300000000000409e-01 -6.781242169649551177e-03 7.079959136509657563e-04 9.999767564780807083e-01 1.479170000000000096e+00
9.999874800872087244e-01 4.122356885310879057e-03 2.836519441940174580e-03 1.484093000000000018e+02 -4.117585718544918005e-03 9.999901016689478617e-01 -1.685838657122249677e-03 -9.411500000000000421e-01 -2.843440993727413754e-03 1.674137938624774280e-03 9.999945560379205345e-01 1.499409999999999910e+00
9.999902780507582412e-01 4.339509343421719088e-03 -7.825999140458490258e-04 1.497096699999999885e+02 -4.340445338534888557e-03 9.999898622529291847e-01 -1.198301143669729249e-03 -9.328499999999999570e-01 7.773919412366749699e-04 1.201686325995692450e-03 9.999989758053473565e-01 1.512189999999999923e+00
9.999880046737689154e-01 4.479200253814279511e-03 -1.981735012726019117e-03 1.509554300000000069e+02 -4.480744644316586242e-03 9.999896606635848562e-01 -7.755600304609248062e-04 -9.435900000000000398e-01 1.978240634215747661e-03 7.844303759100743588e-04 9.999977356139255757e-01 1.528839999999999977e+00
9.999882360759901889e-01 4.518633211436906376e-03 -1.763423808987563211e-03 1.522452999999999861e+02 -4.521308394156296935e-03 9.999886296734477042e-01 -1.516012607164962797e-03 -9.271500000000000297e-01 1.756553453367312549e-03 1.523967755777884707e-03 9.999972960174665637e-01 1.552580000000000071e+00
9.999899990542350237e-01 4.339274468114559871e-03 -1.082815127893561619e-03 1.534904400000000066e+02 -4.340678460500709337e-03 9.999897372556547648e-01 -1.297649362847505409e-03 -9.282599999999999740e-01 1.077173158489961886e-03 1.302336537428957748e-03 9.999985718077449848e-01 1.577099999999999946e+00
9.999906560458078353e-01 4.319902022112327190e-03 -1.620728054542785535e-04 1.547623199999999883e+02 -4.320055621359322230e-03 9.999902080480040922e-01 -9.596496954133332822e-04 -9.226699999999999902e-01 1.579256257854121537e-04 9.603408920248109612e-04 9.999995264023218144e-01 1.595750000000000002e+00
9.999919200333226010e-01 4.000099503189640145e-03 3.988383551507396468e-04 1.560289699999999868e+02 -3.999867504146427562e-03 9.999918318336863399e-01 -5.807976047325983911e-04 -9.299600000000000088e-01 -4.011583455828671022e-04 5.791976113311312702e-04 9.999997518010235176e-01 1.608060000000000045e+00
9.999932780227868134e-01 3.660024992881277632e-03 2.193770563337168089e-04 1.572998200000000111e+02 -3.659950193134840941e-03 9.999932444229007178e-01 -3.404014460731380584e-04 -9.293700000000000294e-01 -2.206214521153395248e-04 3.395962488026762756e-04 9.999999180002779875e-01 1.631340000000000012e+00
